#設備２
16
999
1            仕切弁
110  01   -12   0     -1.5    0
101  10    1.5  0     12      0
 01  01   -1.5  0.866  1.5   -0.866
 01  01   -1.5 -0.866  1.5    0.866
 01  01   -1.5 -0.866 -1.5    0.866
 01  01    1.5 -0.866  1.5    0.866
999
1            逆止弁
110  01   -12   0     -1.5    0
101  10    1.5  0     12      0
 01  01   -1.5  0.866  1.5   -0.866
 01  01   -1.5 -0.866 -1.5    0.866
 01  01    1.5 -0.866  1.5    0.866
999
1            コック
110  01   -12   0     -2.3    0
101  10    2.3  0     12      0
 01  01   -2.3  0      0      1.5
 01  01    0    1.5    2.3    0
 01  01   -2.3  0      0     -1.5
 01  01    0   -1.5    2.3    0
999
1            ｲﾝﾊﾞｰﾄ桝 (450)
800  100
110  01   -12     0     -2.25   0
101  10    2.25   0     12      0
 01  01   -2.25  -2.25   2.25  -2.25
 01  01   -2.25   2.25   2.25   2.25
 01  01   -2.25  -2.25  -2.25   2.25
 01  01    2.25  -2.25   2.25   2.25
 01  01    0       0        0      360       0  0   -11   e  2.25
 08  01     0     -8      10    -8  10000  3  -11    "実寸法
999
1            ため桝 (450)
800  100
110  01   -12     0     -2.25   0
101  10    2.25   0     12      0
 01  01   -2.25  -2.25   2.25  -2.25
 01  01   -2.25   2.25   2.25   2.25
 01  01   -2.25  -2.25  -2.25   2.25
 01  01    2.25  -2.25   2.25   2.25
 01  01   -2.25  -2.25   2.25   2.25
 01  01   -2.25   2.25   2.25  -2.25
 08  01     0     -8      10    -8  10000  3  -11    "実寸法
999

1                [-- G --]
10    01  -12     0   -2.0   0
01    10  2.0     0     12   0
# 01  01  -0.5   -0.5 -0.5   0.5
# 01  01   0      0    0.5    0
# 01  01   0.5   -0.5  0.5    0
# 01  01   0      0.5   20  180    0 0 -11   e  0.5
# 01  01   0     -0.5  180    0    0 0 -11   e  0.5
01    01   0      0     10    0   10000 403 -11  "G
999


1   逆方向指示見本
700  -1                            逆指示（180度回転するデータにする）を指定
101  01   0    0     3    0
110  01  12    0     5    0　　　　線端を左右逆に指定する
01   01   3    0    -90  90   0  0  -11   e  2
08   01 -10   -8     10  -8  10000  2  -11  "線と位置を指示
999

0   逆方向指示見本
700  -1                            逆指示（180度回転するデータにする）を指定
101  01   0    0     3    0
110  01  12    0     5    0　　　　線端を左右逆に指定する
01   01   3    0    -90  90    0 0 -11   e  2
08   01 -10   -8     10  -8  10000  2  -11  "線端のみを指示
999

1    仕上記号例 1
110 10    -12       0      12      0
01  01      0       0      -1.5  2.598
01  01      0       0       1.5  2.598
01  01     -1.5    2.598    1.5  2.598
08  00      0       0       0      360    7    1  -11   e  0.5    原点位置ﾀﾞﾐｰ
998
1    仕上記号例 2
110 10    -12       0      12      0
01  01     -1.5     0      -3    2.598
01  01     -1.5     0       0    2.598
01  01     -3      2.598    0    2.598
01  01      1.5     0       0    2.598
01  01      1.5     0       3    2.598
01  01      0      2.598    3    2.598
08  00      0       0       0      360    7    1  -11   e  0.5    原点位置ﾀﾞﾐｰ
998

1    公差例 1
15000
110 10    -12       0      12      0
08  00      0       0       0      360    7    1  -11   e  0.5    原点位置ﾀﾞﾐｰ
01  01      0       0.5    10   0.5   10000  002  -11 "±0.01
998
1    公差入力例 1
15000
110 10    -12       0      12      0
08  00      0       0       0      360    7    1  -11   e  0.5    原点位置ﾀﾞﾐｰ
21001  01   0       0.5    10   0.5   10000  002  -11 "±
998

1    公差例 2
15000
110 10    -12       0      12      0
08  00      0       0       0      360    7    1  -11   e  0.5    原点位置ﾀﾞﾐｰ
01  01      0       0      10   0     10000  001  -11 "-0.01
01  01      0       2      10   2     10000  001  -11 "+0.02
998
1    公差入力例 2
15000
110 10    -12       0      12      0
08  00      0       0       0      360    7    1  -11   e  0.5    原点位置ﾀﾞﾐｰ
21001  01   0       0      10   0     10000  001  -11 "-
21001  01   0       2      10   2     10000  001  -11 "+
998

1    加工記号例
15000
110 10    -12       0      12      0
01  01      0       0      -1.5  2.598
01  01      0       0       3    5.196
01  01     -1.5    2.598    1.5  2.598
01  01      3      5.196   12    5.196
08  00      0       0       0      360    7    1  -11   e  0.5    原点位置ﾀﾞﾐｰ
20001  01   0       3.1    10   3.1   10000  102  -11 "粗さ
20001  01   3       5.6    10   5.6   10000  002  -11 "加工方法
998
1     円筒破断線
700   0.25
110  10    -12     0      12       0
 01  01  -12       4       -1        4
 01  01  -12      -4       -1       -4
 01  01    1       4       12        4
 01  01    1      -4       12       -4
 01  01   -3.236  -2      318.190   41.810   0  0   -11   e  3.0
 01  01   -3.236   2      318.190   41.810   0  0   -11   e  3.0
 01  01    1.236   2      138.190  221.810   0  0   -11   e  3.0
 01  01   -1.236  -2      318.190   41.810   0  0   -11   e  3.0
 01  01    3.236   2      138.190  221.810   0  0   -11   e  3.0
 01  01    3.236  -2      138.190  221.810   0  0   -11   e  3.0
08   01 -10   -8     10  -8  10000  2  -11  "倍率に半径を入力
999

