#建築 2
16
999
0              引出線(≒60ﾟ)
#      点位置指示のときのマウスによる倍率指定  760〜768
#      （線指示のときは無効）
#      「760」の指定はマウスのＸＹ方向の倍率を別々に有効にする
#      「761」の指定はマウスの Ｘ 方向の倍率を Ｙ 方向の倍率にする
#      「762」の指定はマウスの Ｙ 方向の倍率を Ｘ 方向の倍率にする
#      「763」の指定はマウスの Ｘ方向倍率の絶対値をＹ方向倍率にする
#      「764」の指定はマウスの Ｙ方向倍率の絶対値をＸ方向倍率にする
#　　  「765」の指定はマウスのＸＹ方向の倍率を絶対値にする
#　　  「766」の指定はマウスの指示点から倍率点までの距離を倍率にする
#　　  「767」の指定はマウスのＸＹ方向の倍率を絶対値の大きいほうの値にする
#　　  「768」の指定はマウスの Ｘ 方向倍率がﾏｲﾅｽ(-)のときＹ方向倍率を±反転する
#      760〜768に続けて倍率指定の基準点座標値 X Y  を記述する
762    5.774  10
00     00   0       0     0       0     30000    2  -11
#      コード番号「05」： マウスによる倍率位置の指定
#      文字では、一の位が「5」の場合に倍率位置の指定
#      円の場合、制御コード（２）に「05」を指定すると半径の倍率指定になる
00     05   0       0     5.774  10
#      コード番号「06」： 指定座標とマウスによる倍率基準点との差が同じなる指定
#      文字では、一の位を「6」に指定
#      コード番号「25000」：文字入力のとき「NULL」の入力により以降の処理終了
#      コード番号「26000」：文字変更のとき「NULL」の入力により以降の処理終了
25006  06   8      10     20     10     10000  303  -11 "INPUT
06     06   5.774  10     7.5    10
25006  06   8       6.5   20      6.5   10000  303  -11 "INPUT
06     06   3.7531  6.5   7.5     6.5
25006  06   8       3     20      3     10000  303  -11 "INPUT
06     06   1.7322  3     7.5     3
08     00   0       0     0     360         7    1  -11   e  0.5    原点位置ﾀﾞﾐｰ
08     01   0      -8    10      -8     10000  102  -11  "文字入力時[Enter]で終了
999
0              引出線(≒120ﾟ)
762   -5.774  10
00     00   0       0    -1.464  1.464
00     00   0       0    -0.536  2
00     05   0       0    -5.774  10
25006  06   0      10     20     10     10000  303  -11 "INPUT
06     06  -5.774  10    -0.5    10
25006  06   0       6.5   20      6.5   10000  303  -11 "INPUT
06     06  -3.7531  6.5  -0.5     6.5
25006  06   0       3     20      3     10000  303  -11 "INPUT
06     06  -1.7322  3    -0.5     3
08     00   0       0     0     360         7    1  -11   e  0.5    原点位置ﾀﾞﾐｰ
08     01   0      -8    10      -8     10000  102  -11  "文字入力時[Enter]で終了
999
0              引出線(任意角)
760      4    8 
00      00    0      0      0.536  -2
00      00    0      0      1.464  -1.464
00      00    0      0      2.309  -4
00      05    2.309 -4      4       8
25006   06    4      8.5   20       8.5   10000  003  -11 "INPUT
300    302    0     -0.5    0      -0.5
08  00      0       0       0      360    7    1  -11   e  0.5
999
0              引出線+円枠文字
762    4.041452        7.000000
00     00    0         0           0.536     2
00     00    0         0           1.464     1.464
00     06    0         0           2.791451  4.834936
06     00    4.041452  7.000000    0        360  0        0  -11 e  2.5
21006  06    4.041452  7.000000   20         7   10000  403  -11 "１
08     00      0       0       0      360    7    1  -11   e  0.5    原点位置ﾀﾞﾐｰ
999
0              引出線+俵形枠文字
#      「763」 Ｘ方向倍率の絶対値をＹ方向倍率にする
#      「764」 Ｙ方向倍率の絶対値をＸ方向倍率にする
764     4.041452      7.000000
00      00   0        0         0         0        30000    2  -11
00      05   0        0         4.041452  7.000000
06      06   4.041452 7.000000  5         7
25006   06   7.5      7        10         7        10000  303  -11 "INPUT
303    305   0        2.5       0         2.5
303     00   0        0        90       270        0    0  -11   e  2.5
305     00   0        0       -90        90        0    0  -11   e  2.5
303    305   0       -2.5       0        -2.5
08     00      0       0       0      360    7    1  -11   e  0.5    原点位置ﾀﾞﾐｰ
999
0              指示事項
500  -30 0
00     00   0       0       2.5     2.5
00     00   0       0       2.5    -2.5
08     00   0       0       0      360    7    1  -11   e  0.5
20000  00   3       0     100       0   10000  302  -11 "指示事項
999
0              Ｉ  型溶接
00  00   0     0      8       0
00  00   3    -3      3       3
00  00   5    -3      5       3
08  00      0       0       0      360    7    1  -11   e  0.5
999
0              Ｖ  型溶接
00  00   0     0     10       0
00  00   5     0      2      -3
00  00   5     0      8      -3
08  00      0       0       0      360    7    1  -11   e  0.5
999
0              レ  型溶接
00  00   0     0      8       0
00  00   3     0      3      -3
00  00   3     0      6      -3
08  00      0       0       0      360    7    1  -11   e  0.5
999
0              すみ肉溶接
00  00   0     0      9       0
00  00   3     0      3      -3
00  00   3    -3      6       0
00  00   2    -1.5    6      -1.5
08  00      0       0       0      360    7    1  -11   e  0.5
999

0       建具表例 (1)
500  -50  30
00  00    0    0      0  -120
00  00   30    0     30  -120
#0  00  180    0    180  -120
00  00    0    0    180     0
00  00    0 -120    180  -120

00  00    0  -10    180   -10
00  00    0  -80    180   -80
00  00    0  -85    180   -85
00  00    0  -90    180   -90
00  00    0  -95    180   -95
00  00    0 -100    180  -100
00  00    0 -105    180  -105
00  00   30 -110    180  -110
00  00    0 -115    180  -115

00  00   37 -65      40   -65   4  9
00  00   45 -70      45   -73   4  9
00  00   45 -65      45   -25   4  9
00  00   45 -45      60   -45   4  9

08  00      0       0       0      360    7    1  -11   e  5    原点位置ﾀﾞﾐｰ

#　　　　　　　　＃文字作図
00  00   15   -5    100    -5    10000  403 -11  "記号・数量・・
00  00   60   -5    100    -5    10000  403 -11  "×
00  00   15  -45    100   -45    10000  403 -11  "形　　　状
00  00   15  -82.5  100   -82.5  10000  403 -11  "場　　　所
00  00   15  -87.5  100   -87.5  10000  403 -11  "形　　　式
00  00   15  -92.5  100   -92.5  10000  403 -11  "見　　　込
00  00   15  -97.5  100   -97.5  10000  403 -11  "材質・仕上
00  00   15 -102.5  100  -102.5  10000  403 -11  "硝　　　子
00  00   15 -110.0  100  -110.0  10000  403 -11  "金　　　物
00  00   15 -117.5  100  -117.5  10000  403 -11  "備　　　考

00  00    41     -5      49   -5 
00  00    45     -5       0     360    0    0  -11   e  4.0

#　　　　　　　　＃コマンド選択
12930                      建具　立面
11400                      寸　　  法
11400                      寸　　  法

#　　　　　　　　＃文字変更
21000  00   45   -4.8  100    -4.8  10000  102  -11 "ＡＷ

#　　　　　　　　＃文字入力
20000  00   45   -5.2  100    -5.2  10000  702  -11 " No 
20000  00   65   -5    100    -5    10000  303 -11  "数 量

20000  00   40  -82.5  100   -82.5  10000  303 -11  "場　　　所
20000  00   40  -87.5  100   -87.5  10000  303 -11  "形　　　式
#　　　　　　　　＃文字変更
21000  00   40  -92.5  100   -92.5  10000  303 -11  "７０mm
21000  00   40  -97.5  100   -97.5  10000  303 -11  "アルミ・シルバー
#　　　　　　　　＃文字入力
20000  00   40 -102.5  100  -102.5  10000  303 -11  "硝　　　子
20000  00   40 -107.5  100  -107.5  10000  303 -11  "金　　　物
20000  00   40 -112.5  100  -112.5  10000  303 -11  "金　　　物
20000  00   40 -117.5  100  -117.5  10000  303 -11  "備　　　考
#　　　　　　　　＃文字入力が無い場合に書く文字
22000  00    0    0      0     0    10000  303 -11  "------
#　　　　　　　　＃建具表例 (2)に移行
10000  12
990

1       建具表例 (2)
500  -50  30
00  00    0    0      0  -120
#0  00  180    0    180  -120
00  00    0    0    180     0
00  00    0 -120    180  -120
110 10    0    0    189     0        線指定

00  00    0  -10    180   -10
00  00    0  -80    180   -80
00  00    0  -85    180   -85
00  00    0  -90    180   -90
00  00    0  -95    180   -95
00  00    0 -100    180  -100
00  00    0 -105    180  -105
00  00    0 -110    180  -110
00  00    0 -115    180  -115

00  00    7 -65      10   -65   4  9
00  00   15 -70      15   -73   4  9
00  00   15 -65      15   -25   4  9
00  00   15 -45      30   -45   4  9

08  00      0       0       0      360    7    1  -11   e  5    原点位置ﾀﾞﾐｰ

00  00    11     -5      19   -5 
00  00    15     -5       0     360    0    0  -11   e  4.0
00  00    30     -5    100    -5    10000  403 -11  "×
#　　　　　　　　＃コマンド選択
12930                      建具　立面
11400                      寸　　  法
11400                      寸　　  法
#　　　　　　　　＃文字変更
21000  00   15   -4.8  100    -4.8  10000  102  -11 "ＡＷ
#　　　　　　　　＃文字入力
20000  00   15   -5.2  100    -5.2  10000  702  -11 " No 
20000  00   35   -5    100    -5    10000  303 -11  "数 量
20000  00   10  -82.5  100   -82.5  10000  303 -11  "場　　　所
20000  00   10  -87.5  100   -87.5  10000  303 -11  "形　　　式
#　　　　　　　　＃文字変更
21000  00   10  -92.5  100   -92.5  10000  303 -11  "７０mm
21000  00   10  -97.5  100   -97.5  10000  303 -11  "アルミ・シルバー
#　　　　　　　　＃文字入力
20000  00   10 -102.5  100  -102.5  10000  303 -11  "硝　　　子
20000  00   10 -107.5  100  -107.5  10000  303 -11  "金　　　物
20000  00   10 -112.5  100  -112.5  10000  303 -11  "金　　　物
20000  00   10 -117.5  100  -117.5  10000  303 -11  "備　　　考
#　　　　　　　　＃文字入力が無い場合に書く文字
22000  00    0    0      0     0    10000  303 -11  "同　　　左
#　　　　　　　　＃記号選択画面に戻る
10000  10000
990

1    円作図例 (1)
500  6  -26
800  10                                         
10  01  -18   0   -12    0
02  20    0  12     0   18
04  12   -5   5  -90     0   0 0 -11   e  5     
01   1   -7   0  -60    60   0 0 -11   e  2     
01   1  -10   0  120   240   0 0 -11   e  2     
02   4    0   7  210   330   0 0 -11   e  2     
02   4    0  10   30   140   0 0 -11   e  2     
996

1    円作図例 (2)
500  0  -8
700  2
110  01  -12   0    0    0
202  20    0   0    0    8
01  02     0   0   90  180   0 0  -11   e  5
03  03     0   0   -8    8   1 9  -11
#　　　　　　　＃記号選択画面に注釈文を書く
08  01   -12  -5   10   -5   10000    2  -11     "1/2角度線
999

1     円筒破断線
700   0.25
750      指示線から指示点までの距離が倍率になる
#       （ 750 : 線を指示した位置から指示点方向を＋として倍率計算をするコード）
#
110  10   -12      0       12        0
 01  01  -12       4       -1        4
 01  01  -12      -4       -1       -4
 01  01    1       4       12        4
 01  01    1      -4       12       -4
 01  01   -3.236  -2      318.190   41.810   0  0   -11   e  3.0
 01  01   -3.236   2      318.190   41.810   0  0   -11   e  3.0
 01  01    1.236   2      138.190  221.810   0  0   -11   e  3.0
 01  01   -1.236  -2      318.190   41.810   0  0   -11   e  3.0
 01  01    3.236   2      138.190  221.810   0  0   -11   e  3.0
 01  01    3.236  -2      138.190  221.810   0  0   -11   e  3.0
08   01 -10   -8     10  -8  10000  2  -11  "半径＝指示点
08   00    0       4         0     360    7    1  -11   e  0.5  指示点位置ﾀﾞﾐｰ
999


1     三斜寸法記入
700   0.2
751      指示線から指示点までの距離が倍率になる
#       （ 751: 指示線を基準にして指示点側を＋として倍率計算をするコード）
#        寸法値記入コード(14***)は文字作図・文字入力・変更より後に記載する。
#
110  10  -12     0    12    0
 01  01    0     0     0    5       0   2
 01  01    0     0     0    0   30000   5   2
#
08   01  -10    -4    10   -4  10000  2  -11  "底辺＝指示線
08   01  -10    -8    10   -8  10000  2  -11  "頂点＝指示点
08   00    0     5     0  360    7    1  -11   e  0.5        指示点位置ﾀﾞﾐｰ
#
14010  10  -12     0    12    0    0  0    f                 寸法値記入コード
14001  01    0     0     0    5    0  0    f                 寸法値記入コード
999

#
#（以下参考データ）
#
0         俵型枠記号
#基準点を枠左下にする
 20000  00   0    2.5     10   2.5  10000  303  -11 "INPUT
#基準点を枠中心にする場合は上記文字指定を下記に変更する
#20000  00   0    2.5     10   2.5  10000  403  -11 "INPUT
#基準点を文字中心にする場合は上記文字指定を下記に変更する
#20000  00   0    0      10    0    10000  403  -11 "INPUT
#基準点を文字左下にする上記文字指定を下記に変更する
#20000  00   0    0      10    0    10000  003  -11 "INPUT
303    305   0    2.5     0    2.5
303     00   0    0      90  270     0    0  -11   e  2.5
305     00   0    0     -90   90     0    0  -11   e  2.5
303    305   0   -2.5     0   -2.5
08      00   0    0       0   360    7    1  -11   e   0.5    原点位置ﾀﾞﾐｰ
999

0         四角枠記号
20000  00    0      0     10      0    10000  403  -11 "INPUT
306   308   -0.5    0.5    0.5    0.5                           内四角枠
300   302   -0.5   -0.5    0.5   -0.5
306   300   -0.5    0.5   -0.5   -0.5
308   302    0.5    0.5    0.5   -0.5
306   308   -1.0    1.0    1.0    1.0                           外四角枠
300   302   -1.0   -1.0    1.0   -1.0
306   300   -1.0    1.0   -1.0   -1.0
308   302    1.0    1.0    1.0   -1.0
08     00    0      0      0    360    7    1  -11   e   0.5    原点位置ﾀﾞﾐｰ
999
0        下線付文字
20000  00    0      0.5   10      0.5  10000  003  -11 "INPUT
310   312    0      0      0      0
08     00    0      0      0    360    7    1  -11   e   0.5    原点位置ﾀﾞﾐｰ
999

0        上線付文字
20000  00    0     -0.5   10     -0.5  10000  603  -11 "INPUT
316   318    0      0      0      0
08     00    0      0      0    360    7    1  -11   e   0.5    原点位置ﾀﾞﾐｰ
999

