#電気 2
14
999
1                - 3.0R -
110   01      -12       0       -3.0    0
101   10       3.0     0       12      0
 01   01        0       0        0        360       0  0   -11   e  3.0 
999
1                - 4.2R -
110   01      -12       0       -4.2    0
101   10       4.2     0       12      0
 01   01        0       0        0        360       0  0   -11   e  4.2 
999
1                - TB -
110   01      -12        0       -1.25     0
 01   01        0       0        0        360       0  0   -11   e  0.75 
 01   01        0       0        0        360       0  0   -11   e  1.25
999
1                - NFB -
110   01      -12       0       -5.25   0
101   10       5.25    0       12      0
 01   01       -4.5     0        0      360       0  0   -11   e  0.75 
 01   01        4.5     0        0      360       0  0   -11   e  0.75
 01   01        0      -3.4     36.9    143.1     0  0   -11   e  6.4 
 01   01       -0.5     2.0     -0.5    4.0       1  1 
 01   01        0       2.0      0      4.0       1  1 
 01   01        0.5     2.0      0.5    4.0       1  1 
999
1                - 接点(NO) -
110   01      -12       0       -3.25   0
101   10       3.25    0       12      0
 01   01       -2.5     0        0      360       0  0   -11   e  0.75 
 01   01        2.5     0        0      360       0  0   -11   e  0.75
 01   01       -3.25    1.75     3.25   1.75
999
1                - 接点(NC) -
110   01      -12       0       -3.25   0
101   10       3.25    0       12      0
 01   01       -2.5     0        0      360       0  0   -11   e  0.75 
 01   01        2.5     0        0      360       0  0   -11   e  0.75
 01   01       -3.25   -0.75     3.25  -0.75
999
1                - ブザー -
110   01      -12       0       -4.0    0
101   10       3.5     0       12      0
 01   01       -3.5    -3.5     -4.5    3.5
 01   01       -3.5    -3.5     -3.5    3.5
 01   01       -3.5    -3.5      3.5   -3.5
 01   01        3.5     3.5     -3.5    3.5
 01   01        3.5     3.5      3.5   -3.5
999
0                アース
110   01    -12    0        0      0
 01   01      0    2.5      0     -2.5
 01   01      0.8  1.58     0.8   -1.58
 01   01      1.6  0.65     1.6   -0.65
999
1                電池
110   01      -12       0       -0.5    0
101   10        0.5     0       12      0
 01   01       -0.5    -0.8     -0.5    0.8
 01   01        0.5    -2        0.5    2
999
1                ヒューズ
700   1.2
110   01      -12       0       -2.75   0
101   10        2.75    0       12      0
 01   01       -2.25    0        0      360       0  0   -11   e  0.5
 01   01        2.25    0        0      360       0  0   -11   e  0.5
 01   01       -1.079  -0.525   25.945  132.935   0  0   -11   e  1.2
 01   01        1.079   0.525  205.945  312.935   0  0   -11   e  1.2
999
1                変圧器
700   1.0
110   01      -12       0       -4      0
101   10        4       0       12      0
 01   01       -3       0        0      180       0  0   -11   e  1.0
 01   01       -1       0        0      180       0  0   -11   e  1.0
 01   01        1       0        0      180       0  0   -11   e  1.0
 01   01        3       0        0      180       0  0   -11   e  1.0
 01   01       -4       1.5      4      1.5
 01   01       -3       3      180      360       0  0   -11   e  1.0
 01   01       -1       3      180      360       0  0   -11   e  1.0
 01   01        1       3      180      360       0  0   -11   e  1.0
 01   01        3       3      180      360       0  0   -11   e  1.0
999
1                抵抗器
700   1.0
110   01      -12       0       -2.7    0
101   10        2.7     0       12      0
 01   01       -2.7     0       -2.25   1.0
 01   01       -2.25   1.0      -1.35  -1.0
 01   01       -1.35  -1.0      -0.45   1.0
 01   01       -0.45   1.0       0.45  -1.0
 01   01        0.45  -1.0       1.35   1.0
 01   01        1.35   1.0       2.25  -1.0
 01   01        2.25  -1.0       2.7    0
999
1                - Ф3.0 -
110   01      -12       0       -1.5    0
101   10       1.5      0       12      0
 01   01        0       0        0      180       0  0   -11   e  1.5 
999
1                - Ф5.0 -
110   01      -12       0       -2.5    0
101   10       2.5      0       12      0
 01   01        0       0        0      180       0  0   -11   e  2.5 
999

