#断面詳細図用
#
#
12
999
#
2                1)ﾌｨｯｸｽ 内躯体=内出 外躯体=外出
S   70   25    1
    1     1    0    0  -65    0
    1     1  -30    0  -42   70
    1     1  -42   70  -65   70
    1     1    0    0    0   35
    1     1    0   35  -36   35
    1     2    0   19    0   19
    2     2    0    0   25    0
    2     2   20    0   20   70
    2     2    0   70   25   70
    2     2    0    0    0   35
    2     2    0   35   20   35

    1     2  -42   70    0   70   1
    1     2    0    0    0    0   1
#                                      躯体線
10001 10001 -100  -70 -200  -70   2  1  -11
10001 20001 -100  -70 -100   95   2  1     
20001 20001 -100   95 -200   95   2  1  -11
10002 10002   60  -70  140  -70   2  1  -11
10002 20002   60  -70   60   95   2  1     
20002 20002   60   95  140   95   2  1  -11
#                                      仕上線
10001 10001  -15  -90 -200  -90   4  1  -11
10002 10002   15  -90  140  -90   4  1  -11
    1 10001  -15    0  -15  -90   4  1  
    2 10002   15    0   15  -90   4  1  
20001 20001  -70  115 -200  115   4  1  -11
20002 20002   15  115  140  115   4  1  -11
    2 20002   15   80   15  115   4  1  
    2     2   15   80   25   80   4  1  
    2     2   25   70   25   80   4  1  

10001 10002  -15  -90   15  -90   1  1  
20001 20002  -68  115   15  115   1  1  
#                                      水切
    1 20001  -65   70  -70  125   
20001 20001  -70  125  -80  125   
#                                       シーリング
20001 20001  -80  125  -78  123   1  1  
20001 20001  -78  123  -78  117   1  1  
20001 20001  -78  117  -80  115   1  1  
    2     2   15   70   17   72   1  1  
    2     2   17   72   17   78   1  1  
    2     2   17   78   15   80   1  1  
#
992      70   25


2                2)引違  芯ずれ=(内出-外出)/2
S        70   25    1
    1     1    0    0  -65    0
    1     1  -30    0  -42   70
    1     1  -42   70  -65   70
    1     1  -33   19  -15   19
    1     1  -39   51  -15   51
    1     1  -20    8  -20   30
    1     1  -20   30   40   30
    1     1   40   30   40    8
    1     1   40    8  -20    8
    1     1  -20   40  -20   62
    1     1  -20   62   40   62
    1     1   40   62   40   40
    1     1   40   40  -20   40
    1     2   40   19  -30   19
    1     2   40   51  -30   51
    2     2    0    0   25    0
    2     2   18    0   18   70
    2     2    0   70   25   70
    2     2    0   35   18   35
    2     2  -30    8  -30   30
    2     2  -30   30   10   30
    2     2   10   30   10    8
    2     2   10    8  -30    8
    2     2  -30   40  -30   62
    2     2  -30   62   10   62
    2     2   10   62   10   40
    2     2   10   40  -30   40

    1     2  -42   70    0   70   1
    1     2    0    0    0    0   1
#                                      躯体線
10001 10001 -100  -70 -200  -70   2  1  -11
10001 20001 -100  -70 -100   95   2  1     
20001 20001 -100   95 -200   95   2  1  -11
10002 10002   60  -70  140  -70   2  1  -11
10002 20002   60  -70   60   95   2  1     
20002 20002   60   95  140   95   2  1  -11
#                                      仕上線
10001 10001  -15  -90 -200  -90   4  1  -11
10002 10002   15  -90  140  -90   4  1  -11
    1 10001  -15    0  -15  -90   4  1  
    2 10002   15    0   15  -90   4  1  
20001 20001  -70  115 -200  115   4  1  -11
20002 20002   15  115  140  115   4  1  -11
    2 20002   15   80   15  115   4  1  
    2     2   15   80   25   80   4  1  
    2     2   25   70   25   80   4  1  

10001 10002  -15  -90   15  -90   1  1  
20001 20002  -68  115   15  115   1  1  
#                                      水切
    1 20001  -65   70  -70  125   
20001 20001  -70  125  -80  125   
#                                       シーリング
20001 20001  -80  125  -78  123   1  1  
20001 20001  -78  123  -78  117   1  1  
20001 20001  -78  117  -80  115   1  1  
    2     2   15   70   17   72   1  1  
    2     2   17   72   17   78   1  1  
    2     2   17   78   15   80   1  1  
#
992      70   25


2                3)ﾌｨｯｸｽ   同上　（額付）
S   70   25    1
    1     1    0    0  -65    0
    1     1  -30    0  -42   70
    1     1  -42   70  -65   70
    1     1    0    0    0   35
    1     1    0   35  -36   35
    1     2    0   19    0   19
    2     2    0    0   25    0
    2     2   20    0   20   70
    2     2    0   70   25   70
    2     2    0    0    0   35
    2     2    0   35   20   35

    1     2  -42   70    0   70   1
    1     2    0    0    0    0   1
#                                      躯体線
10001 10001 -100  -70 -200  -70   2  1  -11
10001 20001 -100  -70 -100   95   2  1     
20001 20001 -100   95 -200   95   2  1  -11
10002 10002   60  -70  140  -70   2  1  -11
10002 20002   60  -70   60   95   2  1     
20002 20002   60   95  140   95   2  1  -11
#                                      仕上線
10001 10001  -40  -90 -200  -90   4  1  -11
10002 10002   40  -90  140  -90   4  1  -11
20001 20001  -70  115 -200  115   4  1  -11
20002 20002   15  115  140  115   4  1  -11
    2 20002   15   80   15  115   4  1  
    2     2   15   80   25   80   4  1  
    2     2   25   70   25   80   4  1  

20001 20002  -68  115   15  115   1  1  
#                                      額断面
    1 10001  -15    0  -15 -100   5  1
    1 10001  -40    0  -40 -100   5  1
    1     1  -15    0  -40    0   5  1
10001 10001  -15 -100  -40 -100   5  1

    2 10002   15    0   15 -100   5  1
    2 10002   40    0   40 -100   5  1
    2     2   15    0   40    0   5  1
10002 10002   15 -100   40 -100   5  1
#                                      縦額線
11001 10002  -15 -100   15 -100   1  1
#                                      水切
    1 20001  -65   70  -70  125   
20001 20001  -70  125  -80  125   
#                                       シーリング
20001 20001  -80  125  -78  123   1  1  
20001 20001  -78  123  -78  117   1  1  
20001 20001  -78  117  -80  115   1  1  
    2     2   15   70   17   72   1  1  
    2     2   17   72   17   78   1  1  
    2     2   17   78   15   80   1  1  
#
992      70   25


2                4)引違    同上　（額付）
S        70   25    1
    1     1    0    0  -65    0
    1     1  -30    0  -42   70
    1     1  -42   70  -65   70
    1     1  -33   19  -15   19
    1     1  -39   51  -15   51
    1     1  -20    8  -20   30
    1     1  -20   30   40   30
    1     1   40   30   40    8
    1     1   40    8  -20    8
    1     1  -20   40  -20   62
    1     1  -20   62   40   62
    1     1   40   62   40   40
    1     1   40   40  -20   40
    1     2   40   19  -30   19
    1     2   40   51  -30   51
    2     2    0    0   25    0
    2     2   18    0   18   70
    2     2    0   70   25   70
    2     2    0   35   18   35
    2     2  -30    8  -30   30
    2     2  -30   30   10   30
    2     2   10   30   10    8
    2     2   10    8  -30    8
    2     2  -30   40  -30   62
    2     2  -30   62   10   62
    2     2   10   62   10   40
    2     2   10   40  -30   40

    1     2  -42   70    0   70   1
    1     2    0    0    0    0   1
#                                      躯体線
10001 10001 -100  -70 -200  -70   2  1  -11
10001 20001 -100  -70 -100   95   2  1     
20001 20001 -100   95 -200   95   2  1  -11
10002 10002   60  -70  140  -70   2  1  -11
10002 20002   60  -70   60   95   2  1     
20002 20002   60   95  140   95   2  1  -11
#                                      仕上線
10001 10001  -40  -90 -200  -90   4  1  -11
10002 10002   40  -90  140  -90   4  1  -11
20001 20001  -70  115 -200  115   4  1  -11
20002 20002   15  115  140  115   4  1  -11
    2 20002   15   80   15  115   4  1  
    2     2   15   80   25   80   4  1  
    2     2   25   70   25   80   4  1  

20001 20002  -68  115   15  115   1  1  
#                                      額断面
    1 10001  -15    0  -15 -100   5  1
    1 10001  -40    0  -40 -100   5  1
    1     1  -15    0  -40    0   5  1
10001 10001  -15 -100  -40 -100   5  1

    2 10002   15    0   15 -100   5  1
    2 10002   40    0   40 -100   5  1
    2     2   15    0   40    0   5  1
10002 10002   15 -100   40 -100   5  1
#                                      縦額線
11001 10002  -15 -100   15 -100   1  1
#                                      水切
    1 20001  -65   70  -70  125   
20001 20001  -70  125  -80  125   
#                                       シーリング
20001 20001  -80  125  -78  123   1  1  
20001 20001  -78  123  -78  117   1  1  
20001 20001  -78  117  -80  115   1  1  
    2     2   15   70   17   72   1  1  
    2     2   17   72   17   78   1  1  
    2     2   17   78   15   80   1  1  
#
992      70   25


3                5)ﾌｨｯｸｽ   　掃き出し
S        70   25    1
    1     1    0    0  -65    0
    1     1  -30    0  -42   70
    1     1  -42   70  -65   70
    1     1    0    0    0   35
    1     1    0   35  -36   35
    1     2    0   19  -25   19
    2     2  -25    8  -25   30
    2     2  -25   30   25   30
    2     2   25   30   25    8
    2     2   25    8  -25    8
    2     3   25   19    0   19
    3     3    0    0   25    0
    3     3   18    0   18   70
    3     3    0   70   25   70
    3     3    0    0    0   35
    3     3    0   35   18   35

    1     3  -42   70    0   70   1
    1     3    0    0    0    0   1
#                                      躯体線
10001 10001 -100  -70 -200  -70   2  1  -11
10001 20001 -100  -70 -100   95   2  1     
20001 20001 -100   95 -200   95   2  1  -11
10003 10003   60  -70  140  -70   2  1  -11
10003 20003   60  -70   60   95   2  1     
20003 20003   60   95  140   95   2  1  -11
#                                      仕上線
10001 10001    0  -90 -200  -90   4  1  -11
10003 10003   15  -90  140  -90   4  1  -11
    1 10001    0    0    0  -90   4  1  
    3 10003   15    0   15  -90   4  1  
20001 20001  -70  115 -200  115   4  1  -11
20003 20003   15  115  140  115   4  1  -11
    3 20003   15   80   15  115   4  1  
    3     3   15   80   25   80   4  1  
    3     3   25   70   25   80   4  1  

10001 10003    0  -90   15  -90   1  1  
20001 20003  -68  115   15  115   1  1  
#                                      水切
    1 20001  -65   70  -70  125   
20001 20001  -70  125  -80  125   
#                                       シーリング
20001 20001  -80  125  -78  123   1  1  
20001 20001  -78  123  -78  117   1  1  
20001 20001  -78  117  -80  115   1  1  
    3     3   15   70   17   72   1  1  
    3     3   17   72   17   78   1  1  
    3     3   17   78   15   80   1  1  
#
992      70   25


3                6)引違    掃き出し
S        70   25    1
    1     1    0    0  -65    0
    1     1  -30    0  -42   70
    1     1  -42   70  -65   70
    1     1  -33   19  -15   19
    1     1  -39   51  -15   51
    1     1  -20    8  -20   30
    1     1  -20   30   40   30
    1     1   40   30   40    8
    1     1   40    8  -20    8
    1     1  -20   40  -20   62
    1     1  -20   62   40   62
    1     1   40   62   40   40
    1     1   40   40  -20   40
    1     2   40   19  -25   19
    1     2   40   51  -25   51
    2     2  -25    8  -25   30
    2     2  -25   30   25   30
    2     2   25   30   25    8
    2     2   25    8  -25    8
    2     2  -25   40  -25   62
    2     2  -25   62   25   62
    2     2   25   62   25   40
    2     2   25   40  -25   40
    2     3   25   19  -30   19
    2     3   25   51  -30   51
    3     3    0    0   25    0
    3     3   18    0   18   70
    3     3    0   70   25   70
    3     3    0   35   18   35
    3     3  -30    8  -30   30
    3     3  -30   30   10   30
    3     3   10   30   10    8
    3     3   10    8  -30    8
    3     3  -30   40  -30   62
    3     3  -30   62   10   62
    3     3   10   62   10   40
    3     3   10   40  -30   40

    1     3  -42   70    0   70   1
    1     3    0    0    0    0   1
#                                      躯体線
10001 10001 -100  -70 -200  -70   2  1  -11
10001 20001 -100  -70 -100   95   2  1     
20001 20001 -100   95 -200   95   2  1  -11
10003 10003   60  -70  140  -70   2  1  -11
10003 20003   60  -70   60   95   2  1     
20003 20003   60   95  140   95   2  1  -11
#                                      仕上線
10001 10001    0  -90 -200  -90   4  1  -11
10003 10003   15  -90  140  -90   4  1  -11
    1 10001    0    0    0  -90   4  1  
    3 10003   15    0   15  -90   4  1  
20001 20001  -70  115 -200  115   4  1  -11
20003 20003   15  115  140  115   4  1  -11
    3 20003   15   80   15  115   4  1  
    3     3   15   80   25   80   4  1  
    3     3   25   70   25   80   4  1  

10001 10003    0  -90   15  -90   1  1  
20001 20003  -68  115   15  115   1  1  
#                                      水切
    1 20001  -65   70  -70  125   
20001 20001  -70  125  -80  125   
#                                       シーリング
20001 20001  -80  125  -78  123   1  1  
20001 20001  -78  123  -78  117   1  1  
20001 20001  -78  117  -80  115   1  1  
    3     3   15   70   17   72   1  1  
    3     3   17   72   17   78   1  1  
    3     3   17   78   15   80   1  1  
#
992      70   25


3                7)ﾌｨｯｸｽ   同上　（額付）
S        70   25    1
    1     1    0    0  -65    0
    1     1  -30    0  -42   70
    1     1  -42   70  -65   70
    1     1    0    0    0   35
    1     1    0   35  -36   35
    1     2    0   19  -25   19
    2     2  -25    8  -25   30
    2     2  -25   30   25   30
    2     2   25   30   25    8
    2     2   25    8  -25    8
    2     3   25   19    0   19
    3     3    0    0   25    0
    3     3   18    0   18   70
    3     3    0   70   25   70
    3     3    0    0    0   35
    3     3    0   35   18   35

    1     3  -42   70    0   70   1
    1     3    0    0    0    0   1
#                                      躯体線
10001 10001 -100  -70 -200  -70   2  1  -11
10001 20001 -100  -70 -100   95   2  1     
20001 20001 -100   95 -200   95   2  1  -11
10003 10003   60  -70  140  -70   2  1  -11
10003 20003   60  -70   60   95   2  1     
20003 20003   60   95  140   95   2  1  -11
#                                      仕上線
10001 10001  -40  -90 -200  -90   4  1  -11
10003 10003   40  -90  140  -90   4  1  -11
20001 20001  -70  115 -200  115   4  1  -11
20003 20003   15  115  140  115   4  1  -11
    3 20003   15   80   15  115   4  1  
    3     3   15   80   25   80   4  1  
    3     3   25   70   25   80   4  1  

20001 20003  -68  115   15  115   1  1  
#                                      額断面
    1 10001    0    0    0 -100   5  1
    1 10001  -40    0  -40 -100   5  1
    1     1    0    0  -40    0   5  1
10001 10001    0 -100  -40 -100   5  1

    3 10003   15    0   15 -100   5  1
    3 10003   40    0   40 -100   5  1
    3     3   15    0   40    0   5  1
10003 10003   15 -100   40 -100   5  1
#                                      縦額線
11001 10003    0 -100   15 -100   1  1
#                                      水切
    1 20001  -65   70  -70  125   
20001 20001  -70  125  -80  125   
#                                       シーリング
20001 20001  -80  125  -78  123   1  1  
20001 20001  -78  123  -78  117   1  1  
20001 20001  -78  117  -80  115   1  1  
    3     3   15   70   17   72   1  1  
    3     3   17   72   17   78   1  1  
    3     3   17   78   15   80   1  1  
#
992      70   25


3                8)引違    同上　（額付）
S        70   25    1
    1     1    0    0  -65    0
    1     1  -30    0  -42   70
    1     1  -42   70  -65   70
    1     1  -33   19  -15   19
    1     1  -39   51  -15   51
    1     1  -20    8  -20   30
    1     1  -20   30   40   30
    1     1   40   30   40    8
    1     1   40    8  -20    8
    1     1  -20   40  -20   62
    1     1  -20   62   40   62
    1     1   40   62   40   40
    1     1   40   40  -20   40
    1     2   40   19  -25   19
    1     2   40   51  -25   51
    2     2  -25    8  -25   30
    2     2  -25   30   25   30
    2     2   25   30   25    8
    2     2   25    8  -25    8
    2     2  -25   40  -25   62
    2     2  -25   62   25   62
    2     2   25   62   25   40
    2     2   25   40  -25   40
    2     3   25   19  -30   19
    2     3   25   51  -30   51
    3     3    0    0   25    0
    3     3   18    0   18   70
    3     3    0   70   25   70
    3     3    0   35   18   35
    3     3  -30    8  -30   30
    3     3  -30   30   10   30
    3     3   10   30   10    8
    3     3   10    8  -30    8
    3     3  -30   40  -30   62
    3     3  -30   62   10   62
    3     3   10   62   10   40
    3     3   10   40  -30   40

    1     3  -42   70    0   70   1
    1     3    0    0    0    0   1
#                                      躯体線
10001 10001 -100  -70 -200  -70   2  1  -11
10001 20001 -100  -70 -100   95   2  1     
20001 20001 -100   95 -200   95   2  1  -11
10003 10003   60  -70  140  -70   2  1  -11
10003 20003   60  -70   60   95   2  1     
20003 20003   60   95  140   95   2  1  -11
#                                      仕上線
10001 10001  -40  -90 -200  -90   4  1  -11
10003 10003   40  -90  140  -90   4  1  -11
20001 20001  -70  115 -200  115   4  1  -11
20003 20003   15  115  140  115   4  1  -11
    3 20003   15   80   15  115   4  1  
    3     3   15   80   25   80   4  1  
    3     3   25   70   25   80   4  1  

20001 20003  -68  115   15  115   1  1  
#                                      額断面
    1 10001    0    0    0 -100   5  1
    1 10001  -40    0  -40 -100   5  1
    1     1    0    0  -40    0   5  1
10001 10001    0 -100  -40 -100   5  1

    3 10003   15    0   15 -100   5  1
    3 10003   40    0   40 -100   5  1
    3     3   15    0   40    0   5  1
10003 10003   15 -100   40 -100   5  1
#                                      縦額線
11001 10003    0 -100   15 -100   1  1
#                                      水切
    1 20001  -65   70  -70  125   
20001 20001  -70  125  -80  125   
#                                       シーリング
20001 20001  -80  125  -78  123   1  1  
20001 20001  -78  123  -78  117   1  1  
20001 20001  -78  117  -80  115   1  1  
    3     3   15   70   17   72   1  1  
    3     3   17   72   17   78   1  1  
    3     3   17   78   15   80   1  1  
#
992      70   25


2                9)ドア(70)  躯体厚=内出+外出
#
S        70   35    1
    1     1  -35   70  -20  70
    1     1  -20   70  -15  35
    1     1  -15   35    0  35
    1     1    0   35    0   0
    1     1    0    0  -35   0
    1     1  -10   70  -10   40
    1     2  -10   70   10   70
    1     2  -10   40   10   40
    2     2   35   70   15   70
    2     2   15   70   15   35
    2     2   15   35    0   35
    2     2    0   35    0    0
    2     2    0    0   35    0
    2     2   10   70   10   40

    1     2    0    0    0    0   1
#                                      躯体線
10001 10001  -60  -70 -200  -70   2  1  -11
10001 20001  -60  -70  -60  105   2  1     
20001 20001  -60  105 -200  105   2  1  -11
10002 10002   60  -70  140  -70   2  1  -11
10002 20002   60  -70   60  105   2  1     
20002 20002   60  105  140  105   2  1  -11
#                                      仕上線
10001 10001    0  -90 -200  -90   4  1  -11
10002 10002   25  -90  140  -90   4  1  -11
    1 10001    0    0    0  -90   4  1  
    2 10002   25    0   25  -90   4  1  
20001 20001  -40  125 -200  125   4  1  -11
20002 20002   25  125  140  125   4  1  -11
    2 20002   25   80   25  125   4  1  
    2     2   25   80   35   80   4  1  
    2     2   35   70   35   80   4  1  

10001 10002    0  -90   25  -90   1  1  
20001 20002  -38  125   25  125   1  1  
#                                      水切
    1 20001  -35   70  -40  135   
20001 20001  -40  135  -50  135   
#                                       シーリング
20001 20001  -50  135  -48  133   1  1  
20001 20001  -48  133  -48  127   1  1  
20001 20001  -48  127  -50  125   1  1  
    2     2   25   70   27   72   1  1  
    2     2   27   72   27   78   1  1  
    2     2   27   78   25   80   1  1  
#
992      70   35
#
#
2                10)ﾄﾞｱ(100)  躯体厚=内出+外出
S       100   35    1
    1     1  -35  100  -20  100
    1     1  -20  100  -15   45
    1     1  -15   45    0   45
    1     1    0   45    0    0
    1     1    0    0  -35    0
    1     1  -10  100  -10   70
    1     2  -10  100   10  100
    1     2  -10   70   10   70
    2     2   35  100   15  100
    2     2   15  100   15   65
    2     2   15   65    0   65
    2     2    0   65    0    0
    2     2    0    0   35    0
    2     2   10  100   10   70

    1     2    0    0    0    0   1
#                                      躯体線
10001 10001  -60 -100 -200 -100   2  1  -11
10001 20001  -60 -100  -60  135   2  1     
20001 20001  -60  135 -200  135   2  1  -11
10002 10002   60 -100  140 -100   2  1  -11
10002 20002   60 -100   60  135   2  1     
20002 20002   60  135  140  135   2  1  -11
#                                      仕上線
10001 10001    0 -120 -200 -120   4  1  -11
10002 10002   25 -120  140 -120   4  1  -11
    1 10001    0    0    0 -120   4  1  
    2 10002   25    0   25 -120   4  1  
20001 20001  -40  155 -200  155   4  1  -11
20002 20002   25  155  140  155   4  1  -11
    2 20002   25  110   25  155   4  1  
    2     2   25  110   35  110   4  1  
    2     2   35  100   35  110   4  1  

10001 10002    0 -120   25 -120   1  1  
20001 20002  -38  155   25  155   1  1  
#                                      水切
    1 20001  -35  100  -40  165   
20001 20001  -40  165  -50  165   
#                                       シーリング
20001 20001  -50  165  -48  163   1  1  
20001 20001  -48  163  -48  157   1  1  
20001 20001  -48  157  -50  155   1  1  
    2     2   25  100   27  102   1  1  
    2     2   27  102   27  108   1  1  
    2     2   27  108   25  110   1  1  
#
992     100   35


2               11)ドア(70) 同上　（額付）
#
S        70   35    1
    1     1  -35   70  -20  70
    1     1  -20   70  -15  35
    1     1  -15   35    0  35
    1     1    0   35    0   0
    1     1    0    0  -35   0
    1     1  -10   70  -10   40
    1     2  -10   70   10   70
    1     2  -10   40   10   40
    2     2   35   70   15   70
    2     2   15   70   15   35
    2     2   15   35    0   35
    2     2    0   35    0    0
    2     2    0    0   35    0
    2     2   10   70   10   40

    1     2    0    0    0    0   1
#                                      躯体線
10001 10001  -60  -70 -200  -70   2  1  -11
10001 20001  -60  -70  -60  105   2  1     
20001 20001  -60  105 -200  105   2  1  -11
10002 10002   60  -70  140  -70   2  1  -11
10002 20002   60  -70   60  105   2  1     
20002 20002   60  105  140  105   2  1  -11
#                                      仕上線
10001 10001  -40  -90 -200  -90   4  1  -11
10002 10002   40  -90  140  -90   4  1  -11
20001 20001  -40  125 -200  125   4  1  -11
20002 20002   25  125  140  125   4  1  -11
    2 20002   25   80   25  125   4  1  
    2     2   25   80   35   80   4  1  
    2     2   35   70   35   80   4  1  

20001 20002  -38  125   25  125   1  1  
#                                      額断面
    1 10001    0    0    0 -100   5  1
    1 10001  -40    0  -40 -100   5  1
    1     1    0    0  -40    0   5  1
10001 10001    0 -100  -40 -100   5  1

    2 10002   15    0   15 -100   5  1
    2 10002   40    0   40 -100   5  1
    2     2   15    0   40    0   5  1
10002 10002   15 -100   40 -100   5  1
#                                      縦額線
11001 10002    0 -100   15 -100   1  1
#                                      水切
    1 20001  -35   70  -40  135   
20001 20001  -40  135  -50  135   
#                                       シーリング
20001 20001  -50  135  -48  133   1  1  
20001 20001  -48  133  -48  127   1  1  
20001 20001  -48  127  -50  125   1  1  
    2     2   25   70   27   72   1  1  
    2     2   27   72   27   78   1  1  
    2     2   27   78   25   80   1  1  
#
992      70   35
#
#
2               12)ﾄﾞｱ(100) 同上　（額付）
S       100   35    1
    1     1  -35  100  -20  100
    1     1  -20  100  -15   45
    1     1  -15   45    0   45
    1     1    0   45    0    0
    1     1    0    0  -35    0
    1     1  -10  100  -10   70
    1     2  -10  100   10  100
    1     2  -10   70   10   70
    2     2   35  100   15  100
    2     2   15  100   15   65
    2     2   15   65    0   65
    2     2    0   65    0    0
    2     2    0    0   35    0
    2     2   10  100   10   70

    1     2    0    0    0    0   1
#                                      躯体線
10001 10001  -60 -100 -200 -100   2  1  -11
10001 20001  -60 -100  -60  135   2  1     
20001 20001  -60  135 -200  135   2  1  -11
10002 10002   60 -100  140 -100   2  1  -11
10002 20002   60 -100   60  135   2  1     
20002 20002   60  135  140  135   2  1  -11
#                                      仕上線
10001 10001  -40 -120 -200 -120   4  1  -11
10002 10002   40 -120  140 -120   4  1  -11
20001 20001  -40  155 -200  155   4  1  -11
20002 20002   25  155  140  155   4  1  -11
    2 20002   25  110   25  155   4  1  
    2     2   25  110   35  110   4  1  
    2     2   35  100   35  110   4  1  

20001 20002  -38  155   25  155   1  1  
#                                      額断面
    1 10001    0    0    0 -130   5  1
    1 10001  -40    0  -40 -130   5  1
    1     1    0    0  -40    0   5  1
10001 10001    0 -130  -40 -130   5  1

    2 10002   15    0   15 -130   5  1
    2 10002   40    0   40 -130   5  1
    2     2   15    0   40    0   5  1
10002 10002   15 -130   40 -130   5  1
#                                      縦額線
11001 10002    0 -130   15 -130   1  1
#                                      水切
    1 20001  -35  100  -40  165   
20001 20001  -40  165  -50  165   
#                                       シーリング
20001 20001  -50  165  -48  163   1  1  
20001 20001  -48  163  -48  157   1  1  
20001 20001  -48  157  -50  155   1  1  
    2     2   25  100   27  102   1  1  
    2     2   27  102   27  108   1  1  
    2     2   27  108   25  110   1  1  
#
992     100   35



