#配管・管種記号
13
999

2                  エルボ
110  01     -12      0      0      0
111  20       0      0      0      8
 01  01      -1.25  -0.6   -1.25   0.6    2    1   -1
 02  02      -0.6    1.25   0.6    1.25   2    1   -1
999

2                  チーズ
110  10     -12      0     12      0
102  20       0      0      0      8
 01  01      -1.25  -0.6   -1.25   0.6    2    1   -1
 01  01       1.25  -0.6    1.25   0.6    2    1   -1
 02  02      -0.6    1.25   0.6    1.25   2    1   -1
999

1                  立上り[直管]
110  01     -12      0     -0.75   0
101  10       0      0     12      0
 01  01      -1.25  -0.6   -1.25   0.6    2    1   -1
 01  01       1.25  -0.6    1.25   0.6    2    1   -1
 01  01       0      0     45    315      2    1  -11   e  0.75
999

2                  立上り[曲り管]
110  01     -12      0     -0.75   0
201  20       0      0      0      8
101  01      -1.25  -0.6   -1.25   0.6    2    1   -1
 02  02      -0.6    1.25   0.6    1.25   2    1   -1
 01  04       0      0    135     45      2    1  -11   e  0.75
999

2                  立下り[チーズ]
110  10     -12      0     12      0
102  20       0      0.75   0      8
 01  01      -1.25  -0.6   -1.25   0.6    2    1   -1
 01  01       1.25  -0.6    1.25   0.6    2    1   -1
 02  02      -0.6    1.25   0.6    1.25   2    1   -1
 01  01       0      0     45    135      2    1  -11   e  0.75
 01  01       0      0   -135    -45      2    1  -11   e  0.75
999

2                  立上り[チーズ]
110  01     -12      0     -0.75   0
101  10       0.75   0     12      0
202  20       0      0      0      8
 01  01      -1.25  -0.6   -1.25   0.6    2    1   -1
 01  01       1.25  -0.6    1.25   0.6    2    1   -1
 02  02      -0.6    1.25   0.6    1.25   2    1   -1
 01  04       0      0    135     45      2    1  -11   e  0.75
999

2                  立上り
110  01     -75      0     -0.75   0
101  01      17.321 30     28.867 50
 01  01       0      0     17.321 30      2    7   -1
 01  01      26.746 47.879 28.867 50      2    1   -1
 01  01      -1.25  -0.6   -1.25   0.6    2    1   -1
 01  01       0      0      0    360      2    1  -11   e  0.75
990

2                  立下り
110  01     -75       0       0      0
101  01     -17.321 -30     -28.868 -50
 01  01       0       0     -17.321 -30      2    7   -1
 01  01     -28.091 -47.102 -28.868 -50      2    1   -1
 01  01      -1.25   -0.6    -1.25    0.6    2    1   -1
 01  01       0       0    -135     135      2    1  -11   e  0.75
990

1                [-- - --]
110  01     -12      0     -2.5    0
111  10       2.5    0     12      0
111  11      -0.5    0      0.5    0
 08  01     -12     -8     10     -8   10000  2  -11    "　給水管
999

1                [-- - - --]
110  01     -12      0     -3.5    0
101  10       3.5    0     12      0
111  11      -1.5    0     -0.5    0
111  11       0.5    0      1.5    0
 08  01     -12     -8     10     -8   10000  2  -11    "　揚水管
999

1                [-- | --]
110  01     -12      0     -1.5    0
111  10       1.5    0     12      0
 01  01       0     -1      0      1    2    1   -1
 08  01     -12     -8     10     -8   10000  2  -11    "　給湯管
999

1                [-- || --]
110  01     -12      0     -2.5    0
111  10       2.5    0     12      0
 01  01      -0.75  -1     -0.75   1    2    1   -1
 01  01       0.75  -1      0.75   1    2    1   -1
 08  01     -12     -8     10     -8   10000  2  -11    "　給湯戻管
999

1                [-- G --]
110  01     -12      0     -2      0
111  10       2      0     12      0
 01  01       0      0     10      0   10000 403 -11  "G
 08  01     -12     -8     10     -8   10000  2  -11    "　ガス配管
999
