#1/100平面用
#
16
999
#
2                            ドアー（１レイヤ躯体線付）
1 1 0 -10 0 80 2 1 11
1 2 0 35 0 35
2 2 0 -10 0 80 2 1 11
999
#
3                            引違い（１レイヤ躯体線付）
1 1 0 -10 0 80 2 1 11
1 2 0 47 35 47
2 2 0 -20 0 90
2 3 -35 23 0 23
3 3 0 -10 0 80 2 1 11
999
#
2                            ドアー（１レイヤ躯体線付）
1 1 -25 -10 -25 80 2 1 11
1 1 -25 70 -15 70
1 1 -15 70 -15 35
1 1 -15 35 0 35
1 1 0 35 0 0
1 1 0 0 -25 0
1 1 -10 70 -10 40
1 2 -10 70 10 70
1 2 -10 40 10 40
2 2 25 70 15 70
2 2 15 70 15 35
2 2 15 35 0 35
2 2 0 35 0 0
2 2 0 0 25 0
2 2 10 70 10 40
2 2 25 -10 25 80 2 1 11
999
#
2                            内倒･ハメ殺（１レイヤ躯体線付）
1 1 -25 -10 -25 80 2 1 11
1 1 -25 0 0 0
1 1 0 0 0 35
1 1 0 35 -15 35
1 1 -15 0 -15 70
1 1 -25 70 0 70
1 2 0 23 0 23
2 2 25 0 0 0
2 2 0 0 0 35
2 2 0 35 15 35
2 2 15 0 15 70
2 2 25 70 0 70
2 2 25 -10 25 80 2 1 11
1 2 0 0 0 0
1 2 0 70 0 70
999
#
3                            引違い（１レイヤ躯体線付）
1 1 -25 -10 -25 80 2 1 11
1 1 -25 0 0 0
1 1 -15 0 -15 70
1 1 -25 70 0 70
1 1 -15 35 20 35
1 1 20 35 20 59
1 1 20 59 -15 59
1 2 20 47 -17 47
2 2 -17 11 17 11
2 2 17 11 17 59
2 2 17 59 -17 59
2 2 -17 59 -17 11
2 2 -17 35 17 35
2 2 0 -20 0 90
2 3 17 23 -20 23
3 3 25 0 0 0
3 3 15 0 15 70
3 3 25 70 0 70
3 3 15 35 -20 35
3 3 -20 35 -20 11
3 3 -20 11 15 11
3 3 25 -10 25 80 2 1 11
1 3 0 0 0 0
1 3 0 70 0 70
999
#
2                            小梁平面
1 1 0 0 0 70
1 2 0 0 0 0
1 2 0 70 0 70
2 2 0 0 0 70
999
#
#
2                     木造柱(100*100固定)と壁
1 1 0 0 0 70 3 1 1A
1 1 0 70 -50 70 3 1 1A
1 1 -50 70 -50 0 3 1 1A
1 1 -50 0 0 0 3 1 1A
1 2 0 15 0 15 2 1 B
1 2 0 55 0 55 2 1 B
2 2 0 0 0 70 3 1 1A
2 2 0 70 50 70 3 1 1A
2 2 50 70 50 0 3 1 1A
2 2 50 0 0 0 3 1 1A
999  100 50
#
3                     木造柱(100*100固定)と窓
1 1 0 0 0 70 3 1 1A
1 1 0 70 -50 70 3 1 1A
1 1 -50 70 -50 0 3 1 1A
1 1 -50 0 0 0 3 1 1A
1 2 0 47 35 47 2 1 B
2 2 0 -20 0 90 2 1 B
2 3 -35 23 0 23 2 1 B
3 3 0 0 0 70 3 1 1A
3 3 0 70 50 70 3 1 1A
3 3 50 70 50 0 3 1 1A
3 3 50 0 0 0 3 1 1A
999  100  50
#
2                     木造柱と壁 100mm基準
S
1 1 0 0 0 100 3 1 1A
1 1 0 100 -100 100 3 1 1A
1 1 -100 100 -100 0 3 1 1A
1 1 -100 0 0 0 3 1 1A
1 2 0 15 0 15 2 1 B
1 2 0 85 0 85 2 1 B
2 2 0 0 0 100 3 1 1A
2 2 0 100 100 100 3 1 1A
2 2 100 100 100 0 3 1 1A
2 2 100 0 0 0 3 1 1A
995 100 100
#
3                     木造柱と窓100,50mm基準
S 100 50
1 1 0 0 0 100 3 1 1A
1 1 0 100 -100 100 3 1 1A
1 1 -100 100 -100 0 3 1 1A
1 1 -100 0 0 0 3 1 1A
1 2 0 65 35 65 2 1 B
2 2 0 -20 0 120 2 1 B
2 3 -35 35 0 35 2 1 B
3 3 0 0 0 100 3 1 1A
3 3 0 100 100 100 3 1 1A
3 3 100 100 100 0 3 1 1A
3 3 100 0 0 0 3 1 1A
995  100 50
#
2                            ドアー
1 1 0 -10  0  80    0 0 -11
1 2 0  35  0  35    0 0 -1
2 2 0 -10  0  80    0 0 -11
1 2 0  35  0  35    1 0 -11  e  90  12
999
#
2                            親子ドアー（子扉300）
s    100  100
1 1   0   0   0 100   0 0 -11
1 2   0  50   0  50   0 0 -1
2 2 300   0 300 100   0 0 -11
1 2   0  50   0  50   1 0 -1  e   90  12
2 2 300  50   0  50   1 0 -1  e  -90  13
991  100  100
#
5                            折戸（開き60度）
1 5   0   0   0   0   0 0 -1
3 3   0 -50   0  50   0 0 -1
1 2   0   0   0   0   1 2 -1  e   60  16
2 1   0   0   0   0   1 2 -1  e  -60  16
4 5   0   0   0   0   1 2 -1  e   60  16
5 4   0   0   0   0   1 2 -1  e  -60  16
995
#
9                            折戸（開き75度）
1 9   0   0   0   0   0 0 -1
5 5   0 -50   0  50   0 0 -1
1 3   0   0   0   0   1 2 -1  e   75.5225   16
2 4   0   0   0   0   1 2 -1  e  104.4775   16
9 7   0   0   0   0   1 2 -1  e  -75.5225   16
8 6   0   0   0   0   1 2 -1  e -104.4775   16
995
#
5                            折戸（開き60度）
1 5    0         0       0        0   0 0 -1
3 3    0       -50       0       50   0 0 -1
1 2    0         0       0        0   1 2 -1  e   60  16
1 2   25.98    -15      25.98   -15   1 2 -1  e   60  16
1 1    0         0       0        0   1 2 -1  e   10  18
1 1    0         0      25.98   -15   1 2 -1
2 1   25.98    -15      25.98   -15   1 2 -1  e  -60  16
2 1   51.96      0      51.96     0   1 2 -1  e  -60  16
2 2    0         0       0        0   1 2 -1  e   10  18
2 2   51.96      0      25.98   -15   1 2 -1
5 4    0         0       0        0   1 2 -1  e  -60  16
5 4  -25.98    -15     -25.98   -15   1 2 -1  e  -60  16
5 5    0         0       0        0   1 2 -1  e   10  18
5 5    0         0     -25.98   -15   1 2 -1
4 5  -25.98    -15     -25.98   -15   1 2 -1  e   60  16
4 5  -51.96      0     -51.96     0   1 2 -1  e   60  16
4 4    0         0       0        0   1 2 -1  e   10  18
4 4  -51.96      0     -25.98   -15   1 2 -1
995  70  25
#
9                            折戸（開き75度）
1 9   0   0   0   0   0 0 -1
5 5   0 -50   0  50   0 0 -1
1 3    0         0       0        0   1 2 -1  e   75.5225  16
1 3   29.0474   -7.5    29.0474  -7.5 1 2 -1  e   75.5225  16
1 1    0         0       0        0   1 2 -1  e   10       18
1 1    0         0      29.0474  -7.5 1 2 -1
2 4   29.0474   -7.5    29.0474  -7.5 1 2 -1  e  104.4775  16
2 4   58.0948    0      58.0948   0   1 2 -1  e  104.4775  16
2 2    0         0       0        0   1 2 -1  e   10       18
2 2   58.0948    0      29.0474  -7.5 1 2 -1
9 7    0         0       0        0   1 2 -1  e  -75.5225  16
9 7  -29.0474   -7.5   -29.0474  -7.5 1 2 -1  e  -75.5225  16
9 9    0         0       0        0   1 2 -1  e   10       18
9 9    0         0     -29.0474  -7.5 1 2 -1
8 6  -29.0474   -7.5   -29.0474  -7.5 1 2 -1  e -104.4775  16
8 6  -58.0948    0     -58.0948   0   1 2 -1  e -104.4775  16
8 8    0         0       0        0   1 2 -1  e   10       18
8 8  -58.0948    0     -29.0474  -7.5 1 2 -1
995  70  25

