#吸排気口(スリーブ)
8
999
#
#
#
0       [1]100Φスリーブ
#       800:実寸指定    20:記述寸法を実寸法にする倍率
  800 20 
#       760:マウス倍率指定 4:マウス倍率X方向基準位置指定 0:Ｙ方向基準位置指定(0で倍率指定無)
  760  4  0
   05  05    0   2.5     20    2.5    0   0   -11
   05  05    0  -2.5     20   -2.5    0   0   -11
   05  05    0   2.5     20   -2.5    0   0   -11
   05  05    0  -2.5     20    2.5    0   0   -11
#
   08  00    0     0      0    360    7   1   -11 e  1    指示点位置ﾀﾞﾐｰ
   08  00   20     0      0    360    6   1   -11 e  1    倍率点位置ﾀﾞﾐｰ
   08  01  -20    -8     10     -8 10000  4   -11    "２点指示、角度指定
996
#
0       [2]100Φスリーブ（留線・換気方向線付）
  800 20 
  760  4  0
   05  05    0   2.5     20    2.5    0   0   -11
   05  05    0  -2.5     20   -2.5    0   0   -11
#                                留線（書込線種）
   05  05    0  -2.5      0    2.5    0   0   -11
   05  05   20  -2.5     20    2.5    0   0   -11
#                                換気方向線（実線）                                
   00  00   -5    0       2      0    0   1   -11
   00  00   -2    1      -1     -1    0   1   -11
   00  00   -5    0      -2      1    0   1   -11
#
   08  00    0     0      0    360    7   1   -11 e  1    指示点位置ﾀﾞﾐｰ
   08  00   20     0      0    360    6   1   -11 e  1    倍率点位置ﾀﾞﾐｰ
   08  01  -20    -8     10     -8 10000  4   -11    "２点指示、角度指定
996
#
#
0       [3]150Φスリーブ
  800 20 
  760  4  0
   05  05    0   3.75      20    3.75      0  0   -11
   05  05    0  -3.75      20   -3.75      0  0   -11
   05  05    0   3.75      20   -3.75      0  0   -11
   05  05    0  -3.75      20    3.75      0  0   -11
#
   08  00    0     0      0      360    7  1   -11 e  1    指示点位置ﾀﾞﾐｰ
   08  00   20     0      0      360    6  1   -11 e  1    倍率点位置ﾀﾞﾐｰ
   08  01  -20   -10     10    -10  10000  4   -11    "２点指示、角度指定
996
#
0       [4]150Φスリーブ（留線・換気方向線付）
  800 20 
  760  4  0
   05  05    0   3.75     20    3.75    0  0   -11
   05  05    0  -3.75     20   -3.75    0  0   -11
#                                留線（書込線種）
   05  05    0  -3.75      0    3.75    0  0   -11
   05  05   20  -3.75     20    3.75    0  0   -11
#                                換気方向線（実線）                                
   00  00   -5    0        2      0     0  1   -11
   00  00   -2    1       -1     -1     0  1   -11
   00  00   -5    0       -2      1     0  1   -11
#
   08  00    0     0      0    360    7   1   -11 e  1    指示点位置ﾀﾞﾐｰ
   08  00   20     0      0    360    6   1   -11 e  1    倍率点位置ﾀﾞﾐｰ
   08  01  -20   -10     10    -10 10000  4   -11    "２点指示、角度指定
996
#
#
0       [5]100Φスリーブ（平面・キャップ付）
  800 20 
  760  4  0
#                                スリーブ部（点線）
   05  05    0    2.5     20    2.5       0  2   -11
   05  05    0   -2.5     20   -2.5       0  2   -11
#                                外部キャップ部
   00  00  -0.25  -3.25   -0.25  3.25     0 1 -11
   00  00    0    -3.5     0     3.5      0 1 -11
   00  00  -0.25  -3.25    0     -3.5     0 1 -11
   00  00    0    3.5     -0.25  3.25     0 1 -11
   00  00   -0.65   3    -0.25     3      0 0 -11 
   00  00   -0.65  -3    -0.25    -3      0 0 -11 
   00  00   -0.65   0      90    270      0 0 -11 e   3
#                                内部留線（点線）
   05  05   20  -2.5     20    2.5        0  2   -11
#
   08  00    0     0      0    360        7  1   -11 e  1    指示点位置ﾀﾞﾐｰ
   08  00   20     0      0    360        6  1   -11 e  1    倍率点位置ﾀﾞﾐｰ
   08  01  -20    -8     10     -8    10000  4   -11    "２点指示、角度指定
#
996
#
#
0       [6]100Φスリーブ（断面・キャップ付）
  800 20 
  760  4  0
#                                スリーブ部（点線）
   05  05   0     2.5     20     2.5     0  2   -11
   05  05   0    -2.5     20    -2.5     0  2   -11
#                                外部キャップ部
   00  00   0    -4.5     0      3.5     0  1   -11
   00  00   0    -4.5    -0.25  -4.75    0  1   -11
   00  00  -0.25 -3.75   -0.25   3.25    0  1   -11
   00  00     0   3.5    -0.25   3.25    0  1   -11
   00  00  -0.25  3     -0.65    3       0  1   -11
   00  00   0    -3.75  -4      -3.75    0  1   -11
   00  00  -0.65  0     90   174.852     0  1   -11  e  3
   00  00  -4  -3.75  -3.6379  0.269185  0  1   -11
#                                内部留線（点線）
   05  05   20 -2.5     20    2.5        0  2   -11
#
   08  00    0     0      0    360    7  1   -11 e  1    指示点位置ﾀﾞﾐｰ
   08  00   20     0      0    360    6  1   -11 e  1    倍率点位置ﾀﾞﾐｰ
   08  01  -20    -8     10     -8 10000  4  -11    "２点指示、角度指定
#
996
#
#
0       [7]150Φスリーブ（平面・キャップ付）
  800 20 
  760  4  0
#                                スリーブ部（点線）
   05  05    0    3.75     20      3.75       0  2 -11
   05  05    0   -3.75     20     -3.75       0  2 -11
#                                外部キャップ部
   00  00  -0.25   -4.5     -0.25  4.5        0  1 -11
   00  00    0     -4.75     0     4.75       0  1 -11
   00  00  -0.25   -4.5      0    -4.75       0  1 -11
   00  00    0     4.75     -0.25  4.5        0  1 -11
   00  00   -0.65   4.25    -0.25     4.25    0  0 -11 
   00  00   -0.65  -4.25    -0.25    -4.25    0  0 -11 
   00  00   -0.65   0      90    270      0 0 -11 e   4.25
#                                内部留線（点線）
   05  05   20  -3.75     20    3.75        0  2   -11
#
   08  00    0     0      0    360        7  1   -11 e  1    指示点位置ﾀﾞﾐｰ
   08  00   20     0      0    360        6  1   -11 e  1    倍率点位置ﾀﾞﾐｰ
   08  01  -20    -10    10     -10   10000  4   -11    "２点指示、角度指定
#
996
#
#
0       [8]150Φスリーブ（断面・キャップ付）
  800 20 
  760  4  0
#                                スリーブ部（点線）
   05  05   0     3.75     20     3.75     0  2   -11
   05  05   0    -3.75     20    -3.75     0  2   -11
#                                外部キャップ部
   00  00   0    4.75     0      -5.75     0  1   -11
   00  00   0    4.75    -0.25    4.5      0  1   -11
   00  00  -0.25  -5     -0.25    4.5      0  1   -11
   00  00     0   -5.75  -0.25   -6        0  1   -11
   00  00  -0.25  4.25   -0.65    4.25     0  1   -11
   00  00   0    -5      -5.5    -5        0  1   -11
   00  00  -0.65  0     90   174.852       0  1   -11  e  4.25
   00  00  -5.5  -5  -4.87245  0.48325     0  1   -11
#                                内部留線（点線）
   05  05   20 -3.75     20    3.75        0  2   -11
#
   08  00    0     0      0    360    7  1   -11 e  1    指示点位置ﾀﾞﾐｰ
   08  00   20     0      0    360    6  1   -11 e  1    倍率点位置ﾀﾞﾐｰ
   08  01  -20    -10    10    -10 10000  4  -11    "２点指示、角度指定
#
996
#



