#見 本
#
14
999
#
3      立面 見本
1 1   0     0   0 10000
1 1 -35   -35 -35 10035
1 3   0     0   0     0
1 3   0 10000   0 10000
1 3 -35   -35  35   -35
1 3 -35 10035  35 10035
1 2   0  4990 -10  4990
1 2   0  5010 -10  5010
2 2 -10     0 -10 10000
2 2  10     0  10 10000
2 3  10  4990   0  4990
2 3  10  5010   0  5010
3 3   0     0   0 10000
3 3  35   -35  35 10035
996
#
3       柱 見本
1 1    50    50     0     0   0 0 -11   E  10
1 1    50   5000    0     0   0 0 -11   E  10
1 2    50   9950    0     0   0 0 -11   E  10
2 2     0    50     0     0   0 0 -11   E  10
3 3   -50   5000    0     0   0 0 -11   E  10
2 3     0   9950    0     0   0 0 -11   E  10
3 3   -50    50     0     0   0 0 -11   E  10
3 3   -50   9950    0     0   0 0 -11   E  10
1 1     0     0     0  10000  0 0 -11
3 3     0     0     0  10000  0 0 -11
1 3     0     0     0     0   0 0 -11
1 3     0  10000    0  10000  0 0 -11
1 3    50    40    -50   40   0 0 -11
1 3    50   9960   -50  9960  0 0 -11
1 1    40    50     40  9950  0 0 -11
3 3   -40    50    -40  9950  0 0 -11
1 3    40    55    -40  9945  0 3 -11
1 3    40   9945   -40    55  0 3 -11
999
#
2       梁 見本
1 1    50    50     0     0   0 0 -11   E  10
1 1    50   9950    0     0   0 0 -11   E  10
2 2   -50    50     0     0   0 0 -11   E  10
2 2   -50   9950    0     0   0 0 -11   E  10
1 1     0     0     0   9870  0 0 -11
2 2     0     0     0   9870  0 0 -11
1 2     0     0     0     0   0 0 -11
1 2   -100 10000   100 10000  0 0 -11
1 1   -100  9870    0   9870  0 0 -11
2 2    100  9870    0   9870  0 0 -11
1 2    50    40    -50   40   0 0 -11
1 2    50   9960   -50  9960  0 0 -11
1 1    40    50     40  9950  0 0 -11
2 2   -40    50    -40  9950  0 0 -11
999
2       ２段筋 梁 見本
1 1    50    50     0     0   0 0 -11   e  10
1 1    50   9950    0     0   0 0 -11   e  10
1 1    50   9900    0     0   0 0 -11   e  10
2 2   -50    50     0     0   0 0 -11   e  10
2 2   -50   9950    0     0   0 0 -11   e  10
2 2   -50   9900    0     0   0 0 -11   e  10
1 1     0     0     0   9870  0 0 -11
2 2     0     0     0   9870  0 0 -11
1 2     0     0     0     0   0 0 -11
1 2   -100 10000   100 10000  0 0 -11
1 1   -100  9870    0   9870  0 0 -11
2 2    100  9870    0   9870  0 0 -11
1 2    50    40    -50   40   0 0 -11
1 2    50   9960   -50  9960  0 0 -11
1 1    40    50     40  9950  0 0 -11
2 2   -40    50    -40  9950  0 0 -11
999
2       面取 梁 見本
1 1    50    50     0     0   0 0 -11   e  10
1 1    50   9950    0     0   0 0 -11   e  10
2 2   -50    50     0     0   0 0 -11   e  10
2 2   -50   9950    0     0   0 0 -11   e  10
1 1     0    20     0   9870  0 2 -11
2 2     0    20     0   9870  0 2 -11
1 1   -10    20    -10  9870  0 0 -11
2 2    10    20     10  9870  0 0 -11
1 2    20     0    -20    0   0 2 -11
1 2    20   -10    -20  -10   0 0 -11
1 2   -100 10000   100 10000  0 0 -11
1 1   -100  9870   -10  9870  0 0 -11
2 2    100  9870    10  9870  0 0 -11
1 1   -10   9870    0   9870  0 2 -11
2 2    10   9870    0   9870  0 2 -11
1 2    50    40    -50   40   0 0 -11
1 2    50   9960   -50  9960  0 0 -11
1 1    40    50     40  9950  0 0 -11
2 2   -40    50    -40  9950  0 0 -11
1 1    20    20    180  270   0 0 -11   e  30
2 2   -20    20    270    0   0 0 -11   e  30
1 1    20    20    180  270   0 2 -11   e  20
2 2   -20    20    270    0   0 2 -11   e  20
999
2        見本
1 1     0   5000   90   270   0 0 -11   e  -0.5
1 2     0      0    0     0   0 0 -11
1 2     0  10000    0  10000  0 0 -11
2 2     0   5000   270   90   0 0 -11   e  -0.5
999
3        見本
2 2     0   5000   90   270   0 0 -11   e  -0.5
999
3        見本
2 2     0      0    0  10000  0 0 -11
999
#
#
#
2        １２０分割見本
S 120
1 1     0   60000   90     270   0 0 -11   e  -0.5
1 2     0       0    0       0   0 0 -11
1 2     0  120000    0  120000   0 0 -11
2 2     0   60000   270     90   0 0 -11   e  -0.5
1 1     0   60000   90     270   0 0 -11   e  -0.5  50
1 2     0     -50    0     -50   0 0 -11
1 2     0  120050    0  120050   0 0 -11
2 2     0   60000   270     90   0 0 -11   e  -0.5  50
#
1 1     0   60000   90     270   0 0 -11   e  -0.1666666
1 2     0   40000    0   40000   0 0 -11
1 2     0   80000    0   80000   0 0 -11
2 2     0   60000   270     90   0 0 -11   e  -0.1666666
1 1     0   60000   90     270   0 0 -11   e  -0.1666666  -50
1 2     0   40050    0   40050   0 0 -11
1 2     0   79950    0   79950   0 0 -11
2 2     0   60000   270     90   0 0 -11   e  -0.1666666  -50
995

4        １２０分割見本
s 120
1 1     0       0    0  120000   0 0 -11
2 2     0   40000    0   80000   0 0 -11
3 3     0   40000    0   80000   0 0 -11
4 4     0       0    0  120000   0 0 -11
1 4     0       0    0       0   0 0 -11
2 3     0   40000    0   40000   0 0 -11
2 3     0   80000    0   80000   0 0 -11
1 4     0  120000    0  120000   0 0 -11
999

3        １００分割見本
s
1 1     0   50000   90    270   0 0 -11   e  -0.5
1 3     0       0    0      0   0 0 -11
1 3     0  100000    0  100000  0 0 -11
3 3     0   50000  270     90   0 0 -11   e  -0.5
2 3     0   50000    0   50000   10000  403  -11   "中心点
999
2        １２分割見本
s 12
1 1     0   6000   90   270   0 0 -11   e  -0.5
1 2     0      0    0     0   0 0 -11
1 2     0  12000    0  12000  0 0 -11
2 2     0   6000   270   90   0 0 -11   e  -0.5
999
#
3        16φﾌﾞﾚｰｽ
1  3   0     0    0  10000  0  0   -11
2  3   0   5000   0  10000   10000  103  -11   "16φﾌﾞﾚｰｽ"$<ＭＳ 明朝>/
1  1   0     0    0      0   30000  5          実点
3  3   0   10000  0      0   30000  5          実点
995


3  Ｌ型台見本
s   8
700  10
1 1   0   60    0   0
1 3   0    0    0   0
1 3   0   60  -75  60
3 3   0    0    0  8000
3 3 -75   60  -60   75
3 3 -60   75  -60  8000
3 3 -60 8000    0  8000
992



============================================================================

　　　　　ＪＷ＿ＣＡＤ　　パラメトリック建具立面データ説明

　オプションコマンド内の③建具立面は、利用者がデータの変更・追加を行ない自由
な形で使用することができる。この機能は、建具立面以外のパラメトリック図形とし
ても使用できる。

＝＝＝　データの構成　＝＝＝

１　　建具立面のデータファイルは、
　　　　　［JW_OPT3.DAT , JW_OPT3B.DAT , ・・・・・・・ , JW_OPTZ.DAT］
　　の２６ファイルで、それぞれの最大建具（図形）数は１６までとする。

２　　横（Ｘ方向）のブロック数は２以上とし、３以上の場合の中間ブロックは横内
　　法寸法を等分した位置になる。ブロック数の後に２以上の半角スペースを書き、
　　続けて建具名を書込むと一覧表に表示される。
　　　横方向のデータは線端点のブロック番号と、そのブロックの原点（0）を基準
　　にした線端点のＸ座標値とする。
　　　横のブロック番号１と最終ブロック番号の原点の間隔が横内法寸法となり、こ
　　の寸法に対して各ブロック原点が平均に伸縮し、各ブロック内の寸法はデータ値
　　となり変化しない。
　　　線の端点が、異なったブロックに跨がっている場合は、各ブロックの位置に各
　　線端点が伸縮する。

３　縦方向の分割数を指定しない場合の縦（Ｙ方向）の位置と寸法
　　　縦内法を１０分割した位置の設定となる。
　　　縦（Ｙ方向）の寸法は、0 が下内法、 10,000 が上内法位置となり、この位置
　　が縦内法寸法なる。0～10,000 の間の 1,000  を単位とする値が、縦内法間隔を
　　 1/10 にした縦の位置になる。その 1,000 を単位とする値から -500以上 500
　　未満の値が、それぞれの位置からの寸法となり変化しない。

４　縦方向の分割数を指定た場合の縦（Ｙ方向）の位置と寸法
　　縦方向の分割数を指定する方法
　　　ブロック数を記述した次の行に半角の｢S｣または｢s｣に続けて半角スペースと見
　　込寸法と枠幅寸法の基準値を記述する。（｢｣は記述しない）
　　記述例　｢S 100 ｣または｢S｣ のみで縦方向の分割数を100に設定
　　記述例　｢S 12　｣で縦方向の分割数を12に設定
　　　縦（Ｙ方向）の寸法は、0 が下内法、1000×分割数 が上内法位置となり、こ
　　の位置が縦内法寸法なる。0～1000×分割数 の間の 1,000 を単位とする値が、
　　縦内法間隔を　１／分割数 にした縦の位置になる。その 1,000 を単位とする
　　値から -500以上 500未満の値が、それぞれの位置からの寸法となり変化しない。
　　　
５　内法寸法の初期値を指定

　　記述例　｢W 1700  900｣で内法寸法の初期値を横1700mm、縦900mmに設定
　　記述例　｢W    0    0｣で内法寸法の初期値を無指定に設定（任意寸法）
　　
６　　部材の線色、線種、レイヤの指定は、部材の座標値に続けて線色、線種、レイ
　　ヤの順で指定する。線色は１～６まで、線種は１～９まで、レイヤは０～Ｆまで
　　とする。指定しない場合または線色と線種に０、レイヤに－１を指定すると書込
　　み用線色、線種、レイヤになる。レイヤグループは書込みレイヤプループとなる。
　　線種の百位に線幅を1/100mm単位で記述する。「2001」を記述すると線種が「1」、
　　線幅が20（0.2mm）になる。
　　　レイヤを２桁（１６進）にした場合は、下１桁が有効となり、その部材の包絡
　　処理における建具としての性質は解除される。（ JW_OPT1.DAT 参照）
　　　線色、線種、レイヤ指定を   0   0 -11  とすると、その部材は書込み用線色、
　　線種、線幅、レイヤになるとともに、建具としての性質が解除される。

７　　建具立面はで、中心位置が横縦の内法寸法により変化する円（楕円は不可）を
　　使用できる。ただし、始角と終角および半径は固定となる。
　　　円は包絡処理の対象外なので、部材の包絡処理における建具としての性質の指
　　定は無効となる。
　　　立面一覧表では全ての円が表示されるが、仮表示は１０個以下の円のみの表示
　　となる。仮表示されない円も位置を確定すると全て作図される。

８　　部材数（線と円の合計数）の制限はないが、一覧表示と作図時の仮線表示は部
　　材数６０までとなる。
　　　各寸法値は、ｍｍを単位とする。

９　　部材データの区切りは、[990]～[999]の範囲とする。[999]の場合は、一覧表
　　に基準の大きさで部材が表示される。その他の値の場合は、[990]～[999] の値
　　に比例して(0.1)～(1.0)の倍率で表示される。（ JW_OPT1.DAT 参照）
　　　表示倍率追加指定 99* の後に数値を記述すると倍率(0.1～1.0)にこの数値を
　　乗じた倍率で一覧表に表示される。（注意　建具平面・立面の場合は見込寸法）

１０　２データ以降の端点ブロック No.を0にすると、それ以降のデータは一覧表示と
　　　作図時に仮線表示されない。（仮線表示時間の短縮になる）

１１　設定寸法のＸ・Ｙ方向の最小値・最大値となるデータは仮線表示されるデータ
　　範囲内に記述する。

１２　始点座標・終点座標に続けて書く、線色番号に 10000 を、線種番号に文字種類
　　を、レイヤ番号（省略可）を設定し、その後に ｢"｣（ﾀﾞﾌﾞﾙｺｰﾃｰｼｮﾝ）に続けて文字
　　列を設定すると、文字データになります。
　１）　始点座標が文字の左下の位置になります。文字種類を３桁の整数にし、１００
　　　の位の数値を１～８にすると、始点座標が文字の１中下、２右下、３左中、４中
　　　中、５右中、６左上、７中上、８右上になります。
　２）始点位置から終点位置の方向が文字の角度になります。

１３　始点座標・終点座標に続けて書く、線色番号に 30000 を、線種番号に実点種類
　　を、レイヤ番号（省略可）を設定すると、始点位置に実点を作図します。

１４　ブロック番号１に 500 を指定し、続けて横ドット数と縦ドット数を記載すると
　　図形は標準で一覧表に表示される位置から記載した横縦ドット数だけずれた位置
　　に表示されます。

１５　ブロック番号１に 700 を指定し、続けて倍率を指定すると、次の行からのデー
　　タ寸法（部材原点からの寸法）は指定した倍率の寸法になります。
　　　縦寸法が ±500mm以上の場合は、倍率を10倍に指定して部材寸法を実際の 1/10
　　で記載します。

１６　ブロック番号１に 750 を指定し、続けて 1 を指定すると、次の行からの円デー
　　タの半径内法縦寸法比例が半径内法横寸法比例になります。1 以外を指定すると、
　　半径内法縦寸法比例になります。

１７　文字データ
　1)文字データの作図指定
　　ブロック番号・始点座標・終点座標に続けて書く、線色番号に 10000 を、線種番
　号に文字種類を、レイヤ番号（省略可）を設定し、その後に ｢"｣（ﾀﾞﾌﾞﾙｺｰﾃｰｼｮﾝ）に
　続けて文字列を設定すると、文字データになります。
     2  3   0   5000   0  10000   10000  103  -11   "16φﾌﾞﾚｰｽ

　2)文字の位置
　　始点座標が文字の左下の位置になります。
　　文字種類を３桁の整数にし、１００の位の数値を１～８にすると、始点座標が文字
　の１中下、２右下、３左中、４中中、５右中、６左上、７中上、８右上になります。

　3)文字の角度（方向）
　　始点位置から終点位置の方向が文字の角度になります。

  4) 縦書文字の指定
　　文字種類を４桁の整数にし、１０００の位の数値を１にすると、縦書文字の指定に
  になります。
     1  2     0      0     0     0   10000  1002  -11 "縦字

　5)フォントの指定
　　文字列に続けて「"$<フォント名>」で書込み・入力のフォントを指定できます。
　　無指定の場合は、現在の文字の書き込みフォントになります。
　　フォントを指定を[ "$<フォント名>/ ］にすると斜体文字の指定になります。

     2  3   0   5000   0  10000   10000  103  -11   "16φﾌﾞﾚｰｽ"$<ＭＳ 明朝>/


＝＝＝　部材構成例　＝＝＝   （縦内法を１０分割）

　（1）ブロック　 　 　　　（2）ブロック　 　 　　　　　（3）ブロック
・・・・　　　　　　　　　・・・・・・　　　　　　　　　・・・・
　　　　　　　　　　　　　　　　　　　　　　　　　　　　　　　　
　　　　　　　　　・横内法寸法により伸縮する部分・　　　　　　　
　　　　・・・・・・・・　　　　　　　・・・・・・・・　　　　　
横原点(0) 　　　　　　　　  原点(0) 　　　　　　　　　 　原点(0)
    ↓     ↓部材（ｂ）        ↓                         ↓    
　・・・・・・・・・・・・・・・・・・・・・・・・・・・・・・←[10,035]
　・・・・・・・・・・・・・・・・・・・・・・・・・・・・・・←[10,000]     ・
　・・                        ・・                        ・・・             ↑
　・・                        ・・                        ・・・縦内法寸法に ｜
　・・←部材（ａ）            ・・                        ・・・伸縮する部分 ｜
　・・                        ・・                        ・・・             縦
　・・                        ・・                        ・・・             内
　・・・・・・・・・・・・・・・・・・・・・・・・・・・・・・←[ 5,010]     法
　・・・・・・・・・・・・・・・・・・・・・・・・・・・・・・←[ 4,990]     寸
　・・                        ・・                        ・・・             法
　・・                        ・・                        ・・・縦内法寸法に ｜
　・・                        ・・                        ・・・伸縮する部分 ｜
　・・                        ・・                        ・・・             ｜
　・・                        ・・                        ・・・             ↓
　・・・・・・・・・・・・・・・・・・・・・・・・・・・・・・← [ 0 ]       ・
　・・・・・・・・・・・・・・・・・・・・・・・・・・・・・・← [-35]
  ↑↑　　　　　　　　　　　  ↑↑                        ↑↑
  ・(0)                    (-10)(10)                     (0)・
(-35)                                                      (35)
    ・・・・・・・・・・ 立面横内法寸法 ・・・・・・・・・・


＝＝＝　線データ例　＝＝＝
#建具立面図  　　　起動オプション[-A]で種類変更のときリストに表示される７文字
#                  ２行目以降の'#'は注釈文
14                 建具立面（図形）の数
999                建具数のデータの区切り（必ず999）
.....
.....
.....
.....
.....
.....
.....
999                データの区切り
3                  ブロック数
1 1   0     0   0 10000         部材（ａ）
1 1 -35   -35 -35 10035
1 3 -35     0  35     0
1 3   0     0   0     0
1 3   0 10000   0 10000
1 3 -35 10000  35 10000         部材（ｂ）
1 3 -35 10000  35 10000
1 2   0  4990 -10  4990
1 2   0  5010 -10  5010
2 2 -10     0 -10 10000
2 2  10     0  10 10000
0                        ← 線の端点ブロック No.を0にすると、これ以降のデータは
2 3  10  4990   0  4990     作図時に仮線表示されない。
2 3  10  5010   0  5010
3 3   0     0   0 10000
3 3  35   -35  35 10035
996                部材データの区切り（ 990 ～ 999 の範囲 ）
......
......
......
999



＝＝＝　円データ例　＝＝＝

   (1)      (2)       (3)      (4)    (5)  (6)  (7)  (8)   (9)    (10)    (11)
横ﾌﾞﾛｯｸ１ 横ﾌﾞﾛｯｸ２ Ｘ座標値 Ｙ座標値 始角 終角 線色 線種 レイヤ　円指定  半径
   ↑      ↑            ↑    ↑      ↑   ↑                      E      ↑
  円中心のﾌﾞﾛｯｸNo.  円中心の座標値mm   単位は度                        単位はmm
（ﾌﾞﾛｯｸ１とﾌﾞﾛｯｸ２は同Ｎｏ．）              （線色、線種、レイヤ省略不可）


ブロックNo1          始角180ﾟ終角270ﾟ        円指定  半径30 
↓   ↓                 ↓     ↓               ↓    ↓    
1    1    30      30    180    270   0  0   -1   E    30    
          ↑      ↑                 ↑ ↑  ↑              
       Ｘ座標30 Ｙ座標30             色･種･レイヤ無指定     


※　数字・文字は半角、スペースは半角スペース、円指定は半角 E 又は e  とする。
　　半径をマイナス（－）値で指定すると、半径は内法縦寸法に半径値の絶対値を乗 
　じた値になる。マイナス半径の次に数値を記載すると、その値が縦内法により決め
　られる半径に加えられる（省略可）。計算後の半径が  0 以下の場合は無視される。
　　ブロック番号１に 750 を指定し、続けて 1 を指定すると、次の行からの円デー
　タの半径内法縦寸法比例が半径内法横寸法比例になります。

                                                   半径が      縦内法による  
                                                 縦内法の1/2   半径に加える値
                                                       ↓       ↓           
1    1    30    5000    180    270   0  0   -1   E    -0.5      50


=============================================================================
