#見 本
#
16
999
#
3      立面 見本
1 1   0     0   0 10000
1 1 -35   -35 -35 10035
1 3   0     0   0     0
1 3   0 10000   0 10000
1 3 -35   -35  35   -35
1 3 -35 10035  35 10035
1 2   0  4990 -10  4990
1 2   0  5010 -10  5010
2 2 -10     0 -10 10000
2 2  10     0  10 10000
2 3  10  4990   0  4990
2 3  10  5010   0  5010
3 3   0     0   0 10000
3 3  35   -35  35 10035
996
#
3       柱 見本
1 1    50    50     0     0   0 0 -11   E  10
1 1    50   5000    0     0   0 0 -11   E  10
1 2    50   9950    0     0   0 0 -11   E  10
2 2     0    50     0     0   0 0 -11   E  10
3 3   -50   5000    0     0   0 0 -11   E  10
2 3     0   9950    0     0   0 0 -11   E  10
3 3   -50    50     0     0   0 0 -11   E  10
3 3   -50   9950    0     0   0 0 -11   E  10
1 1     0     0     0  10000  0 0 -11
3 3     0     0     0  10000  0 0 -11
1 3     0     0     0     0   0 0 -11
1 3     0  10000    0  10000  0 0 -11
1 3    50    40    -50   40   0 0 -11
1 3    50   9960   -50  9960  0 0 -11
1 1    40    50     40  9950  0 0 -11
3 3   -40    50    -40  9950  0 0 -11
1 3    40    55    -40  9945  0 3 -11
1 3    40   9945   -40    55  0 3 -11
999
#
2       梁 見本
1 1    50    50     0     0   0 0 -11   E  10
1 1    50   9950    0     0   0 0 -11   E  10
2 2   -50    50     0     0   0 0 -11   E  10
2 2   -50   9950    0     0   0 0 -11   E  10
1 1     0     0     0   9870  0 0 -11
2 2     0     0     0   9870  0 0 -11
1 2     0     0     0     0   0 0 -11
1 2   -100 10000   100 10000  0 0 -11
1 1   -100  9870    0   9870  0 0 -11
2 2    100  9870    0   9870  0 0 -11
1 2    50    40    -50   40   0 0 -11
1 2    50   9960   -50  9960  0 0 -11
1 1    40    50     40  9950  0 0 -11
2 2   -40    50    -40  9950  0 0 -11
999
2       ２段筋 梁 見本
1 1    50    50     0     0   0 0 -11   e  10
1 1    50   9950    0     0   0 0 -11   e  10
1 1    50   9900    0     0   0 0 -11   e  10
2 2   -50    50     0     0   0 0 -11   e  10
2 2   -50   9950    0     0   0 0 -11   e  10
2 2   -50   9900    0     0   0 0 -11   e  10
1 1     0     0     0   9870  0 0 -11
2 2     0     0     0   9870  0 0 -11
1 2     0     0     0     0   0 0 -11
1 2   -100 10000   100 10000  0 0 -11
1 1   -100  9870    0   9870  0 0 -11
2 2    100  9870    0   9870  0 0 -11
1 2    50    40    -50   40   0 0 -11
1 2    50   9960   -50  9960  0 0 -11
1 1    40    50     40  9950  0 0 -11
2 2   -40    50    -40  9950  0 0 -11
999
2       面取 梁 見本
1 1    50    50     0     0   0 0 -11   e  10
1 1    50   9950    0     0   0 0 -11   e  10
2 2   -50    50     0     0   0 0 -11   e  10
2 2   -50   9950    0     0   0 0 -11   e  10
1 1     0    20     0   9870  0 2 -11
2 2     0    20     0   9870  0 2 -11
1 1   -10    20    -10  9870  0 0 -11
2 2    10    20     10  9870  0 0 -11
1 2    20     0    -20    0   0 2 -11
1 2    20   -10    -20  -10   0 0 -11
1 2   -100 10000   100 10000  0 0 -11
1 1   -100  9870   -10  9870  0 0 -11
2 2    100  9870    10  9870  0 0 -11
1 1   -10   9870    0   9870  0 2 -11
2 2    10   9870    0   9870  0 2 -11
1 2    50    40    -50   40   0 0 -11
1 2    50   9960   -50  9960  0 0 -11
1 1    40    50     40  9950  0 0 -11
2 2   -40    50    -40  9950  0 0 -11
1 1    20    20    180  270   0 0 -11   e  30
2 2   -20    20    270    0   0 0 -11   e  30
1 1    20    20    180  270   0 2 -11   e  20
2 2   -20    20    270    0   0 2 -11   e  20
999
2        見本
1 1     0   5000   90   270   0 0 -11   e  -0.5
1 2     0      0    0     0   0 0 -11
1 2     0  10000    0  10000  0 0 -11
2 2     0   5000   270   90   0 0 -11   e  -0.5
999
3        見本
2 2     0   5000   90   270   0 0 -11   e  -0.5
999
3        見本
2 2     0      0    0  10000  0 0 -11
999
#
#
#
2        １２０分割見本
S 120
1 1     0   60000   90     270   0 0 -11   e  -0.5
1 2     0       0    0       0   0 0 -11
1 2     0  120000    0  120000   0 0 -11
2 2     0   60000   270     90   0 0 -11   e  -0.5
1 1     0   60000   90     270   0 0 -11   e  -0.5  50
1 2     0     -50    0     -50   0 0 -11
1 2     0  120050    0  120050   0 0 -11
2 2     0   60000   270     90   0 0 -11   e  -0.5  50
#
1 1     0   60000   90     270   0 0 -11   e  -0.1666666
1 2     0   40000    0   40000   0 0 -11
1 2     0   80000    0   80000   0 0 -11
2 2     0   60000   270     90   0 0 -11   e  -0.1666666
1 1     0   60000   90     270   0 0 -11   e  -0.1666666  -50
1 2     0   40050    0   40050   0 0 -11
1 2     0   79950    0   79950   0 0 -11
2 2     0   60000   270     90   0 0 -11   e  -0.1666666  -50
995

4        １２０分割見本
s 120
1 1     0       0    0  120000   0 0 -11
2 2     0   40000    0   80000   0 0 -11
3 3     0   40000    0   80000   0 0 -11
4 4     0       0    0  120000   0 0 -11
1 4     0       0    0       0   0 0 -11
2 3     0   40000    0   40000   0 0 -11
2 3     0   80000    0   80000   0 0 -11
1 4     0  120000    0  120000   0 0 -11
999

3        １００分割見本
s
1 1     0   50000   90    270   0 0 -11   e  -0.5
1 3     0       0    0      0   0 0 -11
1 3     0  100000    0  100000  0 0 -11
3 3     0   50000  270     90   0 0 -11   e  -0.5
2 3     0   50000    0   50000   10000  403  -11   "中心点
999
2        １２分割見本
s 12
1 1     0   6000   90   270   0 0 -11   e  -0.5
1 2     0      0    0     0   0 0 -11
1 2     0  12000    0  12000  0 0 -11
2 2     0   6000   270   90   0 0 -11   e  -0.5
999
#
3        16φﾌﾞﾚｰｽ
1  3   0     0    0  10000  0  0   -11
2  3   0   5000   0  10000   10000  103  -11   "16φﾌﾞﾚｰｽ"$<ＭＳ 明朝>/
1  1   0     0    0      0   30000  5          実点
3  3   0   10000  0      0   30000  5          実点
995


3  Ｌ型台見本
s   8
700  10
1 1   0   60    0   0
1 3   0    0    0   0
1 3   0   60  -75  60
3 3   0    0    0  8000
3 3 -75   60  -60   75
3 3 -60   75  -60  8000
3 3 -60 8000    0  8000
992


2              ｿﾘｯﾄﾞ（線色１）
1 1    0    -37    0  10000
1 1  -35    -60  -35  10035
#
1 2    0      0    0      0    1   0   -11   a1   0   0     0   0  0
1 2    0  10000    0  10000
#
1 2    0      0    0      0
1 2    0    -37    0    -37
1 2    0  10000    0  10000
1 2  -35    -60   35    -60
1 2  -35  10035   35  10035
2 2    0    -37    0  10000
2 2   35    -60   35  10035
996

2              ｿﾘｯﾄﾞ(前２線)
1 1    0    -37    0  10000
1 1  -35    -60  -35  10035
1 2    0      0    0      0
1 2    0  10000    0  10000
#
1 2    0      0    0      0    10   0   -11   b1   0   0     0   0  -16777109
#
1 2    0    -37    0    -37
1 2  -35    -60   35    -60
1 2  -35  10035   35  10035
2 2    0    -37    0  10000
2 2   35    -60   35  10035
996
#
#
#================================================================================
#
#＝＝ データの構成は｢JW_OPT3.DAT｣の｢パラメトリック建具立面データ説明｣を参照 ＝＝
#
#================================================================================
#
