  0
TABLE
  2
LTYPE
 70
     9
  0
LTYPE
  2
CONTINUOUS
 70
    64
  3
実線
 72
    65
 73
     0
 40
0.0
  0
LTYPE
  2
DASHED1
 70
    64
  3
--  --  --  --  --  --  --  --  
 72
    65
 73
     2
 40
2.5
 49
1.25
 49
-1.25
  0
LTYPE
  2
DASHED2
 70
    64
  3
----    ----    ----    ----    
 72
    65
 73
     2
 40
5.0
 49
2.5
 49
-2.5
  0
LTYPE
  2
DASHED3
 70
    64
  3
------  ------  ------  ------  
 72
    65
 73
     2
 40
5.0
 49
3.75
 49
-1.25
  0
LTYPE
  2
CENTER1
 70
    64
  3
----- - ----- - ----- - ----- - 
 72
    65
 73
     4
 40
10.0
 49
6.25
 49
-1.25
 49
1.25
 49
-1.25
  0
LTYPE
  2
CENTER2
 70
    64
  3
----------  --  ----------  --  
 72
    65
 73
     4
 40
20.0
 49
12.5
 49
-2.5
 49
2.5
 49
-2.5
  0
LTYPE
  2
PHANTOM1
 70
    64
  3
--- - - --- - - --- - - --- - - 
 72
    65
 73
     6
 40
10.0
 49
3.25
49
-1.25
 49
1.25
 49
-1.25
 49
1.25
 49
-1.25
  0
LTYPE
  2
PHANTOM2
 70
    64
  3
--------  -  -  --------  -  -  
 72
    65
 73
     6
 40
20.0
 49
10.0
 49
-2.5
 49
1.25
 49
-2.5
 49
1.25
 49
-2.5
  0
LTYPE
  2
DOT
 70
    64
  3
-   -   -   -   -   -   -   -   
 72
    65
 73
     2
 40
2.5
 49
0.625
 49
-1.875
  0
LTYPE
  2
DUMMY
 70
    64
  3
ダミー
 72
    65
 73
     0
 40
0.0
  0
LTYPE
  2
RAND1
 70
    64
  3
ランダム線1
 72
    65
 73
     4
 40
10.0
 49
1.0
 49
-2.0
 49
3.0
 49
-4.0
  0
LTYPE
  2
RAND2
 70
    64
  3
ランダム線2
 72
    65
 73
     4
 40
14.0
 49
2.0
 49
-3.0
 49
4.0
 49
-5.0
  0
LTYPE
  2
RAND3
 70
    64
  3
ランダム線3
 72
    65
 73
     4
 40
18.0
 49
3.0
 49
-4.0
 49
5.0
 49
-6.0
  0
LTYPE
  2
RAND4
 70
    64
  3
ランダム線4
 72
    65
 73
     4
 40
22.0
 49
4.0
 49
-5.0
 49
6.0
 49
-7.0
  0
LTYPE
  2
RAND5
 70
    64
  3
ランダム線5
 72
    65
 73
     4
 40
26.0
 49
5.0
 49
-6.0
 49
7.0
 49
-8.0
  0
LTYPE
  2
LONG1
 70
    64
  3
----------  --  ----------  --  
 72
    65
 73
     4
 40
40.0
 49
32.5
 49
-2.5
 49
2.5
 49
-2.5
  0
LTYPE
  2
LONG2
 70
    64
  3
--------  -  -  --------  -  -  
 72
    65
 73
     6
 40
40.0
 49
30.0
 49
-2.5
 49
1.25
 49
-2.5
 49
1.25
 49
-2.5
  0
LTYPE
  2
LONG3
 70
    64
  3
+++++++++++++++..+++++++++++++++
 72
    65
 73
     2
 40
40.0
 49
37.5
 49
-2.5
  0
LTYPE
  2
LONG4
 70
    64
  3
+++++++++++++++..+++++++++++++++
 72
    65
 73
     2
 40
80.0
 49
75.0
 49
-5.0
  0
LTYPE
  2
LONG5
 70
    64
  3
----------  --  ----------  --  
 72
    65
 73
     4
 40
60.0
 49
37.5
 49
-7.5
 49
7.5
 49
-7.5
  0
ENDTAB
  0
TABLE
  2
STYLE
  5
3
100
AcDbSymbolTable
 70
     1
  0
STYLE
  5
10
100
AcDbSymbolTableRecord
100
AcDbTextStyleTableRecord
  2
STANDARD
 70
     0
 40
0.0
 41
1.0
 50
0.0
 71
     0
 42
0.2
  3
txt
  4
bigfont.shx
  0
STYLE
  5
26
100
AcDbSymbolTableRecord
100
AcDbTextStyleTableRecord
  2
TATEGAKI
 70
    68
 40
0.0
 41
1.0
 50
0.0
 71
     0
 42
1.0
  3
txt
  4
bigfont.shx
  0
ENDTAB
  0
EOF
