#屋外排水
16
999
1            ｲﾝﾊﾞｰﾄ桝 (300)
  800 100
  110  01    -12      0     -1.50   0
  101  10      1.50   0     12      0
  102  20      0      1.50   0      8
   01  01     -1.50  -1.50   1.50  -1.50  2    1   -1
   01  01     -1.50   1.50   1.50   1.50  2    1   -1
   01  01     -1.50  -1.50  -1.50   1.50  2    1   -1
   01  01      1.50  -1.50   1.50   1.50  2    1   -1
   01  01     -0.849 -0.849 -1.50  -1.50  2    1   -1
   01  01     -0.849  0.849 -1.50   1.50  2    1   -1
   01  01      0.849  0.849  1.50   1.50  2    1   -1
   01  01      0.849 -0.849  1.50  -1.50  2    1   -1
   01  01      0      0      0    360     2    1  -11   e  1.2
   08  01      0     -8     10     -8 10000    3  -11    "実寸法
999
1            ｲﾝﾊﾞｰﾄ桝 (360)
  800 100
  110  01    -12      0     -1.80   0
  101  10      1.80   0     12      0
  102  20      0      1.80   0      8
   01  01     -1.80  -1.80   1.80  -1.80  2    1   -1
   01  01     -1.80   1.80   1.80   1.80  2    1   -1
   01  01     -1.80  -1.80  -1.80   1.80  2    1   -1
   01  01      1.80  -1.80   1.80   1.80  2    1   -1
   01  01     -1.061 -1.061 -1.80  -1.80  2    1   -1
   01  01     -1.061  1.061 -1.80   1.80  2    1   -1
   01  01      1.061  1.061  1.80   1.80  2    1   -1
   01  01      1.061 -1.061  1.80  -1.80  2    1   -1
   01  01      0      0      0    360     2    1  -11   e  1.5
   08  01      0     -8     10     -8 10000    3  -11    "実寸法
999
1            ｲﾝﾊﾞｰﾄ桝 (450)
  800 100
  110  01    -12      0     -2.25   0
  101  10      2.25   0     12      0
  102  20      0      2.25   0      8
   01  01     -2.25  -2.25   2.25  -2.25  2    1   -1
   01  01     -2.25   2.25   2.25   2.25  2    1   -1
   01  01     -2.25  -2.25  -2.25   2.25  2    1   -1
   01  01      2.25  -2.25   2.25   2.25  2    1   -1
   01  01     -1.414 -1.414 -2.25  -2.25  2    1   -1
   01  01     -1.414  1.414 -2.25   2.25  2    1   -1
   01  01      1.414  1.414  2.25   2.25  2    1   -1
   01  01      1.414 -1.414  2.25  -2.25  2    1   -1
   01  01      0      0      0    360     2    1  -11   e  2
   08  01      0     -8     10     -8 10000    3  -11    "実寸法
999
1            ｲﾝﾊﾞｰﾄ桝 (600)
  800 100
  110  01    -12      0     -3      0
  101  10      3      0     12      0
  102  20      0      3      0      8
   01  01      3      3      3     -3       2    1   -1
   01  01      3     -3     -3     -3       2    1   -1
   01  01     -3     -3     -3      3       2    1   -1
   01  01     -3      3      3      3       2    1   -1
   01  01      1.767  1.767  3      3       2    1   -1
   01  01     -1.767  1.767 -3      3       2    1   -1
   01  01     -1.767 -1.767 -3     -3       2    1   -1
   01  01      1.767 -1.767  3     -3       2    1   -1
   01  01      0      0      0    360       2    1  -11   e  2.5
   08  01      0     -8     10     -8   10000    3  -11    "実寸法
999

1            ため桝 (300)
  800 100
  110  01    -12      0     -1.5    0
  101  10      1.5    0     12      0
  102  20      0      1.5    0      8
   01  01     -1.5   -1.5    1.5   -1.5     2    1   -1
   01  01     -1.5    1.5    1.5    1.5     2    1   -1
   01  01     -1.5   -1.5   -1.5    1.5     2    1   -1
   01  01      1.5   -1.5    1.5    1.5     2    1   -1
   01  01     -1.5   -1.5    1.5    1.5     2    1   -1
   01  01     -1.5    1.5    1.5   -1.5     2    1   -1
   08  01      0     -8     10     -8   10000    3  -11    "実寸法
999
1            ため桝 (360)
  800 100
  110  01    -12      0     -1.8    0
  101  10      1.8    0     12      0
  102  20      0      1.8    0      8
   01  01     -1.8   -1.8    1.8   -1.8     2    1   -1
   01  01     -1.8    1.8    1.8    1.8     2    1   -1
   01  01     -1.8   -1.8   -1.8    1.8     2    1   -1
   01  01      1.8   -1.8    1.8    1.8     2    1   -1
   01  01     -1.8   -1.8    1.8    1.8     2    1   -1
   01  01     -1.8    1.8    1.8   -1.8     2    1   -1
   08  01      0     -8     10     -8   10000    3  -11    "実寸法
999
1            ため桝 (450)
  800 100
  110  01    -12      0     -2.25   0
  101  10      2.25   0     12      0
  102  20      0      2.25   0      8
   01  01     -2.25  -2.25   2.25  -2.25    2    1   -1
   01  01     -2.25   2.25   2.25   2.25    2    1   -1
   01  01     -2.25  -2.25  -2.25   2.25    2    1   -1
   01  01      2.25  -2.25   2.25   2.25    2    1   -1
   01  01     -2.25  -2.25   2.25   2.25    2    1   -1
   01  01     -2.25   2.25   2.25  -2.25    2    1   -1
   08  01      0     -8     10     -8   10000    3  -11    "実寸法
999
1            ため桝 (600)
  800 100
  110  01    -12      0     -3      0
  101  10      3      0     12      0
  102  20      0      3      0      8
   01  01     -3     -3      3     -3       2    1   -1
   01  01     -3      3      3      3       2    1   -1
   01  01     -3     -3     -3      3       2    1   -1
   01  01      3     -3      3      3       2    1   -1
   01  01     -3     -3      3      3       2    1   -1
   01  01     -3      3      3     -3       2    1   -1
   08  01      0     -8     10     -8   10000    3  -11    "実寸法

999
