#îrêÖãLçÜ
15
999

2                ë|èúå˚(COA)
  110  01    -12       0      -1.5     0
   01  01      0.5     1.414   0.5    -1.414  2    1   -1
   01  01     -0.5     1.414  -0.5    -1.414  2    1   -1
   01  01      0       0       0     360      2    1   -1    e  1.5
999

2                ë|èúå˚(ñhêÖ)
  110  01    -12       0      -1.5     0
   01  01      0.5     1.414   0.5    -1.414  2    1   -1
   01  01     -0.5     1.414  -0.5    -1.414  2    1   -1
   01  01      0       0       0     360      2    1   -1    e  1.5
   01  01      0       0       0     360      2    2   -1    e  2.5
999

2                îrêÖã‡ï®(COA)
  110  01    -12       0      -1.5     0
   01  01      1.061   1.061  -1.061  -1.061  2    1   -1
   01  01      0.332   1.463  -1.463  -0.332  2    1   -1
   01  01      1.463   0.332  -0.332  -1.463  2    1   -1
   01  01      0       0       0     360      2    1   -1    e  1.5
999

2                îrêÖã‡ï®(ñhêÖ)
  110  01    -12       0      -1.5     0
   01  01      1.061   1.061  -1.061  -1.061  2    1   -1
   01  01      0.332   1.463  -1.463  -0.332  2    1   -1
   01  01      1.463   0.332  -0.332  -1.463  2    1   -1
   01  01      0       0       0     360      2    1   -1    e  1.5
   01  01      0       0       0     360      2    2   -1    e  2.5
999

1                åpéË
  110  01    -12       0      -0.5     0
  101  10      0.5     0      12       0
   01  01     -0.5     1.5    -0.5    -1.5    2    1   -1
   01  01      0.5     1.5     0.5    -1.5    2    1   -1
999

2                90ìx€›∏ﬁ¥ŸŒﬁ
  110  01    -12       0      -4       0
  102  20      0       4       0       8
  101  02     -4       0       0       4
   01  01     -5.5     1.5    -5.5    -1.5    2    1   -1
   02  02      1.5     5.5    -1.5     5.5    2    1   -1
999

2                90ìxºÆ∞ƒ¥ŸŒﬁ
  110  01    -12       0      -2.5     0
  102  20      0       2.5     0       8
  101  02     -2.5     0       0       2.5
   01  01     -3.5     1.5    -3.5    -1.5    2    1   -1
   02  02      1.5     3.5    -1.5     3.5    2    1   -1
999

2                îrêÖ €›∏ﬁÇk
  110  01    -12       0      -4       0
  120  20      0      -8       0       8
  101  02     -4       0       0       4
   01  01     -5.5     1.5    -5.5    -1.5    2    1   -1
   02  02     -1.5    -2       1.5    -2      2    1   -1
   02  02     -1.5     5.5     1.5     5.5    2    1   -1
#  å¥ì_à íu¿ﬁ–∞
   08  00       0       0       0     360      7    1   -1    e  0.5
999

2                îrêÖ ºÆ∞ƒÇk
  110  01    -12       0      -2.5     0
  120  20      0      -8       0       8
  101  02     -2.5     0       0       2.5
   01  01     -4       1.5    -4      -1.5    2    1   -1
   02  02     -1.5    -2       1.5    -2      2    1   -1
   02  02     -1.5     4       1.5     4      2    1   -1
#  å¥ì_à íu¿ﬁ–∞
   08  00       0       0       0     360      7    1   -1    e  0.5
999

2                âîä«åpéË
  110  01    -12       0      -3       0
  101  01     -2.5     0      -1.5     0
  120  20      0      -8       0       8
  101  02     -1.5     0       0       1.5
   01  01     -3       1.2    -3      -1.2    2    1   -1
   01  01     -2.5     1.2    -2.5    -1.2    2    1   -1
   02  02     -1.5    -2       1.5    -2      2    1   -1
   02  02     -1.5     4       1.5     4      2    1   -1
#  å¥ì_à íu¿ﬁ–∞
   08  00       0       0       0     360      7    1   -1    e  0.5
999

2                45ﬂ îrêÖ
  110  01    -12       0       0       0
  120  20     -8      -8       8       8
   01  01     -5       1.5    -5      -1.5    2    1   -1
   02  02      0.354   2.475   2.475   0.354  2    1   -1
   02  02     -4.596  -2.475  -2.475  -4.596  2    1   -1
999

2                45ﬂ îrêÖ+âîä«
  110  01    -12       0      -5       0
  101  01     -4.5     0       0       0
  120  20     -8      -8       8       8
   01  01     -5       1.2    -5      -1.2    2    1   -1
   01  01     -4.5     1.2    -4.5    -1.2    2    1   -1
   02  02      0.354   2.475   2.475   0.354  2    1   -1
   02  02     -4.596  -2.475  -2.475  -4.596  2    1   -1
999

2                [T] óßè„ÇË
  110  01    -12       0      -1       0
  101  10      1       0      12       0
  202  20      0       0       0       8
   01  01     -3       1.5    -3      -1.5    2    1   -1
   01  01      3.2     1.5     3.2    -1.5    2    1   -1
   02  02     -1.3     3       1.3     3      2    1   -1
   01  04      0       0     135      45      2    1   -1    e  1.2
999

2                îrêÖ ë|èúå˚
  110  01    -12       0      -4       0
  102  20      0      -4       0       8
  101  02     -4       0       0       4
   01  01     -5.5     1.5    -5.5    -1.5    2    1   -1
   02  02     -1.5    -2       1.5    -2      2    1   -1
   02  02     -1.5     5.5     1.5     5.5    2    1   -1
   02  02     -1.2    -4       1.2    -4      2    1   -1
   02  02     -1.2    -4.5     1.2    -4.5    2    1   -1
#  å¥ì_à íu¿ﬁ–∞
   08  00       0       0       0     360      7    1   -1    e  0.5
999

2                45ìx ¥ŸŒﬁ
  110  01    -12       0       0       0
  102  20      0       0       8       8
   01  01     -2.6     1.5    -2.6    -1.5    2    1   -1
   02  02      0.78    2.9     2.9     0.78   2    1   -1
999
